+---------------+-----------------+------------------+
| timestamp     | double_latitude | double_longitude |
+---------------+-----------------+------------------+
| 1517598611468 | 47.654891584342 | -122.30672400187 |
| 1517598611482 | 47.654883677382 | -122.30672438786 |
| 1517598611596 | 47.654883677382 | -122.30672438786 |
| 1517598612208 | 47.654969499034 | -122.30680801021 |
| 1517599210496 | 47.654969499034 | -122.30680801021 |
| 1517599719953 | 47.654946486881 | -122.30543945496 |
| 1517599810424 | 47.654946486881 | -122.30543945496 |
| 1517600052179 | 47.654040737013 | -122.30575071555 |
| 1517600067065 | 47.653136289607 | -122.30557119143 |
| 1517600096252 | 47.653393053135 | -122.30859481554 |
| 1517600109083 | 47.652164208223 |  -122.3074765409 |
| 1517600128336 | 47.652741060772 | -122.30916239093 |
| 1517600134791 | 47.653721612048 | -122.31050747558 |
| 1517600141672 | 47.652348489422 | -122.30920434921 |
| 1517600163295 | 47.653338686937 | -122.31003542371 |
| 1517600165789 | 47.653083828617 | -122.31007757325 |
| 1517600212663 |  47.65407788814 | -122.31032945851 |
| 1517600224447 | 47.655102281461 | -122.31074734872 |
| 1517600274014 | 47.655537841504 | -122.31194417307 |
| 1517600394028 | 47.656100877393 | -122.31316790704 |
| 1517600410841 | 47.656100877393 | -122.31316790704 |
| 1517600857978 | 47.656017440995 | -122.31458757776 |
| 1517601010437 | 47.656017440995 | -122.31458757776 |
| 1517601011020 | 47.655779601973 |  -122.3158911891 |
| 1517601610414 | 47.655779601973 |  -122.3158911891 |
| 1517602212737 | 47.655779601973 |  -122.3158911891 |
| 1517602810424 | 47.655779601973 |  -122.3158911891 |
| 1517603410391 | 47.655779601973 |  -122.3158911891 |
| 1517603423140 | 47.656208534139 | -122.31450378617 |
| 1517603835624 | 47.655968241089 |  -122.3131601647 |
| 1517604011416 | 47.655968241089 |  -122.3131601647 |
| 1517604011417 | 47.655356322468 |  -122.3114924083 |
| 1517604051535 |  47.65415137112 | -122.31038980713 |
| 1517604070399 | 47.653187603935 | -122.31031314381 |
| 1517604090918 | 47.652057413974 |   -122.309524373 |
| 1517604150976 | 47.651306734915 | -122.30656184296 |
| 1517604160658 | 47.652318105812 | -122.30653003986 |
| 1517604205145 |   47.6532142316 | -122.30516554168 |
| 1517604252938 | 47.654110750636 | -122.30501289931 |
| 1517604610285 | 47.654110750636 | -122.30501289931 |
| 1517613152945 | 47.652057413974 |   -122.309524373 |
| 1517613152948 | 47.650730465674 | -122.30443216611 |
| 1517613152951 | 47.650730465674 | -122.30443216611 |
| 1517613751554 | 47.650730465674 | -122.30443216611 |
| 1517614351481 | 47.650730465674 | -122.30443216611 |
| 1517614388297 | 47.598616604341 | -122.32803506144 |
| 1517614641370 | 47.599220650285 | -122.32664430004 |
| 1517614753564 | 47.599201586252 |  -122.3248800165 |
| 1517614916362 | 47.599106487896 | -122.32339016406 |
| 1517614951425 | 47.599106487896 | -122.32339016406 |
| 1517615068046 | 47.598176898502 | -122.32264304462 |
| 1517615164990 | 47.597141204881 | -122.32247805562 |
| 1517615360957 | 47.596201289783 | -122.32232318915 |
| 1517615361038 | 47.596170472282 | -122.32233082991 |
| 1517615373098 | 47.596144279816 | -122.32233737492 |
| 1517615551403 | 47.596144279816 | -122.32233737492 |
| 1517616151405 | 47.596144279816 | -122.32233737492 |
| 1517616751449 | 47.596144279816 | -122.32233737492 |
| 1517617351450 | 47.596144279816 | -122.32233737492 |
| 1517617951314 | 47.596144279816 | -122.32233737492 |
| 1517618551360 | 47.596144279816 | -122.32233737492 |
| 1517619151319 | 47.596144279816 | -122.32233737492 |
| 1517619751355 | 47.596144279816 | -122.32233737492 |
| 1517620351292 | 47.596144279816 | -122.32233737492 |
| 1517620951274 | 47.596144279816 | -122.32233737492 |
| 1517621321431 | 47.595855182246 | -122.32494032241 |
| 1517621322529 | 47.595864053409 |  -122.3262736382 |
| 1517621340587 | 47.596175515809 |  -122.3276568749 |
| 1517621481503 | 47.595354371681 | -122.32878911225 |
| 1517621503424 | 47.592344869755 | -122.32902135076 |
| 1517621550503 | 47.590935905052 | -122.32959480778 |
| 1517621551244 | 47.590935905052 | -122.32959480778 |
| 1517621703152 | 47.586055487102 |  -122.3209439167 |
| 1517622045935 | 47.585140061649 | -122.32051160542 |
| 1517622045993 | 47.584233489937 |  -122.3200888591 |
| 1517622046036 | 47.583342925259 | -122.31967357707 |
| 1517622079965 | 47.538125127422 | -122.30020004863 |
| 1517622140860 | 47.535533250257 | -122.29899234198 |
| 1517622142147 | 47.509630602656 | -122.28076065548 |
| 1517622149620 |  47.50874573846 | -122.27906784181 |
| 1517622151225 |  47.50874573846 | -122.27906784181 |
| 1517622187094 | 47.507959028127 |  -122.2734863948 |
| 1517622219286 | 47.509442341351 |  -122.2710647014 |
| 1517622310298 | 47.506421062308 | -122.26987167504 |
| 1517622353283 | 47.506155011539 | -122.26398756253 |
| 1517622372694 | 47.506123016453 | -122.26025552068 |
| 1517622406981 | 47.506187863779 |  -122.2547713147 |
| 1517622441303 | 47.503066640018 |  -122.2509991037 |
| 1517622505638 | 47.501671395944 | -122.24739392572 |
| 1517622751194 | 47.501671395944 | -122.24739392572 |
| 1517623351222 | 47.501671395944 | -122.24739392572 |
| 1517624898230 | 47.501675770662 | -122.24721780058 |
| 1517624898506 | 47.501766022453 | -122.24722641473 |
| 1517625491537 | 47.501766022453 | -122.24722641473 |
| 1517625491537 | 47.501766022453 | -122.24722641473 |
| 1517626093633 | 47.501766022453 | -122.24722641473 |
| 1517626692481 | 47.501766022453 | -122.24722641473 |
| 1517627291511 | 47.501766022453 | -122.24722641473 |
| 1517627891447 | 47.501766022453 | -122.24722641473 |
| 1517628491539 | 47.501766022453 | -122.24722641473 |
| 1517629091491 | 47.501766022453 | -122.24722641473 |
| 1517629691461 | 47.501766022453 | -122.24722641473 |
| 1517630291454 | 47.501766022453 | -122.24722641473 |
| 1517630291454 | 47.501766022453 | -122.24722641473 |
| 1517630891508 | 47.501766022453 | -122.24722641473 |
| 1517631154341 | 47.500877059109 | -122.24768810917 |
| 1517631200683 | 47.501773545563 |  -122.2474358977 |
| 1517631200683 | 47.501773545563 |  -122.2474358977 |
| 1517631491476 | 47.501773545563 |  -122.2474358977 |
| 1517656524790 |     47.50429723 |    -122.25328867 |
| 1517656525555 | 47.501572793715 | -122.24691305236 |
| 1517656525556 | 47.501572793715 | -122.24691305236 |
| 1517657098430 | 47.501572793715 | -122.24691305236 |
| 1517657698405 | 47.501572793715 | -122.24691305236 |
| 1517658298379 | 47.501572793715 | -122.24691305236 |
| 1517658898354 | 47.501572793715 | -122.24691305236 |
| 1517659498382 | 47.501572793715 | -122.24691305236 |
| 1517660098366 | 47.501572793715 | -122.24691305236 |
| 1517660698354 | 47.501572793715 | -122.24691305236 |
| 1517661298328 | 47.501572793715 | -122.24691305236 |
| 1517661898300 | 47.501572793715 | -122.24691305236 |
| 1517662498275 | 47.501572793715 | -122.24691305236 |
| 1517663098302 | 47.501572793715 | -122.24691305236 |
| 1517663698277 | 47.501572793715 | -122.24691305236 |
| 1517664298275 | 47.501572793715 | -122.24691305236 |
| 1517664898249 | 47.501572793715 | -122.24691305236 |
| 1517665498234 | 47.501572793715 | -122.24691305236 |
| 1517666098196 | 47.501572793715 | -122.24691305236 |
| 1517666698170 | 47.501572793715 | -122.24691305236 |
| 1517667298209 | 47.501572793715 | -122.24691305236 |
| 1517667898195 | 47.501572793715 | -122.24691305236 |
| 1517668319236 | 47.501629878963 | -122.24723119768 |
| 1517668498169 | 47.501629878963 | -122.24723119768 |
| 1517669098143 | 47.501629878963 | -122.24723119768 |
| 1517669698119 | 47.501629878963 | -122.24723119768 |
| 1517670298091 | 47.501629878963 | -122.24723119768 |
| 1517670898117 | 47.501629878963 | -122.24723119768 |
| 1517671498116 | 47.501629878963 | -122.24723119768 |
| 1517672098090 | 47.501629878963 | -122.24723119768 |
| 1517672698057 | 47.501629878963 | -122.24723119768 |
| 1517673298040 | 47.501629878963 | -122.24723119768 |
| 1517673898012 | 47.501629878963 | -122.24723119768 |
| 1517674498038 | 47.501629878963 | -122.24723119768 |
| 1517675098036 | 47.501629878963 | -122.24723119768 |
| 1517675698010 | 47.501629878963 | -122.24723119768 |
| 1517676297983 | 47.501629878963 | -122.24723119768 |
| 1517676897959 | 47.501629878963 | -122.24723119768 |
| 1517677497932 | 47.501629878963 | -122.24723119768 |
| 1517678097959 | 47.501629878963 | -122.24723119768 |
| 1517678697956 | 47.501629878963 | -122.24723119768 |
| 1517679297931 | 47.501629878963 | -122.24723119768 |
| 1517679897904 | 47.501629878963 | -122.24723119768 |
| 1517680497878 | 47.501629878963 | -122.24723119768 |
| 1517681097853 | 47.501629878963 | -122.24723119768 |
| 1517681697933 | 47.501629878963 | -122.24723119768 |
| 1517682297878 | 47.501629878963 | -122.24723119768 |
| 1517682297878 | 47.501629878963 | -122.24723119768 |
| 1517682897852 | 47.501629878963 | -122.24723119768 |
| 1517683497825 | 47.501629878963 | -122.24723119768 |
| 1517684097799 | 47.501629878963 | -122.24723119768 |
| 1517684097799 | 47.501629878963 | -122.24723119768 |
| 1517684697775 | 47.501629878963 | -122.24723119768 |
| 1517685297800 | 47.501629878963 | -122.24723119768 |
| 1517685297800 | 47.501629878963 | -122.24723119768 |
| 1517764640292 | 47.509136764183 | -122.27016664263 |
| 1517764640339 | 47.509136764183 | -122.27016664263 |
| 1517764640342 | 47.509136764183 | -122.27016664263 |
| 1517764662207 | 47.509174251898 | -122.27252888465 |
| 1517764668664 | 47.507820737628 | -122.27383509603 |
| 1517764682509 | 47.506984563004 | -122.27462067364 |
| 1517764703559 | 47.507970519752 |   -122.278003957 |
| 1517764757675 | 47.509283917463 | -122.28237318745 |
| 1517764778369 | 47.513905963344 | -122.28608514685 |
| 1517764869316 | 47.531913635327 | -122.29415537371 |
| 1517764879763 | 47.540711889536 |  -122.2980696342 |
| 1517764882276 | 47.542577229863 | -122.29889965222 |
| 1517764884747 | 47.544452462219 | -122.29973409828 |
| 1517764885935 | 47.545314865338 | -122.30011786626 |
| 1517764890861 | 47.548699969214 | -122.30162425693 |
| 1517764922404 | 47.532208739514 |  -122.2942865947 |
| 1517765022085 | 47.551412852556 |  -122.3062129305 |
| 1517765024539 | 47.575481811036 | -122.31982008085 |
| 1517765031911 | 47.579962339545 | -122.32058009668 |
| 1517765032095 | 47.580969940515 | -122.32032861292 |
| 1517765038258 | 47.582998842024 | -122.32029283935 |
| 1517765068278 | 47.581845261766 | -122.32004717571 |
| 1517765106494 | 47.597472596857 | -122.32066528731 |
| 1517765216405 | 47.622373304456 |  -122.3283529556 |
| 1517765238017 | 47.622373304456 |  -122.3283529556 |
| 1517765243390 | 47.627849277568 | -122.32681646565 |
| 1517765251189 | 47.630876086935 | -122.32570141625 |
| 1517765272946 | 47.636080926894 | -122.32224190695 |
| 1517765292097 | 47.640371282684 | -122.32315426387 |
| 1517765345930 | 47.656123578414 | -122.32116814132 |
| 1517765534106 | 47.656261456374 | -122.31774910167 |
| 1517765701372 | 47.656061215393 | -122.31560085722 |
| 1517765837992 | 47.656061215393 | -122.31560085722 |
| 1517766397897 | 47.656176608159 | -122.31422254688 |
| 1517766410584 | 47.656115211503 | -122.31279354471 |
| 1517766437994 | 47.656115211503 | -122.31279354471 |
| 1517766461038 | 47.655389428832 | -122.31154424078 |
| 1517766480951 | 47.654042400199 | -122.31033332076 |
| 1517766501946 | 47.652586033514 | -122.30934828809 |
| 1517766520645 |  47.65201145005 | -122.30781685592 |
| 1517766527829 | 47.651288109281 | -122.30649234273 |
| 1517766534200 |  47.65225894236 | -122.30704285328 |
| 1517766547680 | 47.653081606182 | -122.30535214915 |
| 1517766565863 | 47.654234600197 | -122.30548002715 |
| 1517766568396 | 47.654272718058 | -122.30531504516 |
| 1517767037970 | 47.654272718058 | -122.30531504516 |
| 1517767637979 | 47.654272718058 | -122.30531504516 |
| 1517768237888 | 47.654272718058 | -122.30531504516 |
| 1517770519839 | 47.654042400199 | -122.31033332076 |
| 1517770519843 | 47.654452156318 | -122.30496774959 |
| 1517771117477 | 47.654452156318 | -122.30496774959 |
| 1517771717477 | 47.654452156318 | -122.30496774959 |
| 1517772317454 | 47.654452156318 | -122.30496774959 |
| 1517772917416 | 47.654452156318 | -122.30496774959 |
| 1517786405567 | 47.654042400199 | -122.31033332076 |
| 1517786405583 | 47.655309406076 | -122.31029330783 |
| 1517786414090 | 47.654415393601 |  -122.3104854423 |
| 1517786475144 |  47.65519350646 | -122.31144889335 |
| 1517786575629 | 47.655349605612 | -122.31297195261 |
| 1517786916302 | 47.655965682792 | -122.31394615988 |
| 1517786990114 | 47.656034130632 |  -122.3153157487 |
| 1517787004561 | 47.656034130632 |  -122.3153157487 |
| 1517787604506 | 47.656034130632 |  -122.3153157487 |
| 1517788204372 | 47.656034130632 |  -122.3153157487 |
| 1517788804116 | 47.656034130632 |  -122.3153157487 |
| 1517789404091 | 47.656034130632 |  -122.3153157487 |
| 1517790004084 | 47.656034130632 |  -122.3153157487 |
| 1517790604048 | 47.656034130632 |  -122.3153157487 |
| 1517791204075 | 47.656034130632 |  -122.3153157487 |
| 1517791804047 | 47.656034130632 |  -122.3153157487 |
| 1517792404020 | 47.656034130632 |  -122.3153157487 |
| 1517793004029 | 47.656034130632 |  -122.3153157487 |
| 1517793603965 | 47.656034130632 |  -122.3153157487 |
| 1517794203945 | 47.656034130632 |  -122.3153157487 |
| 1517794803913 | 47.656034130632 |  -122.3153157487 |
| 1517795404433 | 47.656034130632 |  -122.3153157487 |
| 1517796004008 | 47.656034130632 |  -122.3153157487 |
| 1517796603937 | 47.656034130632 |  -122.3153157487 |
| 1517797215117 | 47.656034130632 |  -122.3153157487 |
| 1517797803984 | 47.656034130632 |  -122.3153157487 |
| 1517798403872 | 47.656034130632 |  -122.3153157487 |
| 1517799003871 | 47.656034130632 |  -122.3153157487 |
| 1517799603877 | 47.656034130632 |  -122.3153157487 |
| 1517800203851 | 47.656034130632 |  -122.3153157487 |
| 1517800803826 | 47.656034130632 |  -122.3153157487 |
| 1517801403778 | 47.656034130632 |  -122.3153157487 |
| 1517802003776 | 47.656034130632 |  -122.3153157487 |
| 1517802603786 | 47.656034130632 |  -122.3153157487 |
| 1517803203727 | 47.656034130632 |  -122.3153157487 |
| 1517803803692 | 47.656034130632 |  -122.3153157487 |
| 1517804403676 | 47.656034130632 |  -122.3153157487 |
| 1517805003655 | 47.656034130632 |  -122.3153157487 |
| 1517805603628 | 47.656034130632 |  -122.3153157487 |
| 1517806203573 | 47.656034130632 |  -122.3153157487 |
| 1517806803578 | 47.656034130632 |  -122.3153157487 |
| 1517807403553 | 47.656034130632 |  -122.3153157487 |
| 1517808003527 | 47.656034130632 |  -122.3153157487 |
| 1517808603503 | 47.656034130632 |  -122.3153157487 |
| 1517809203481 | 47.656034130632 |  -122.3153157487 |
| 1517809803453 | 47.656034130632 |  -122.3153157487 |
| 1517810403432 | 47.656034130632 |  -122.3153157487 |
| 1517811003403 | 47.656034130632 |  -122.3153157487 |
| 1517811603378 | 47.656034130632 |  -122.3153157487 |
| 1517812203355 | 47.656034130632 |  -122.3153157487 |
| 1517812803332 | 47.656034130632 |  -122.3153157487 |
| 1517813403301 | 47.656034130632 |  -122.3153157487 |
| 1517814003280 | 47.656034130632 |  -122.3153157487 |
| 1517814603258 | 47.656034130632 |  -122.3153157487 |
| 1517814603258 | 47.656034130632 |  -122.3153157487 |
| 1517815267501 | 47.656034130632 |  -122.3153157487 |
| 1517815267501 | 47.656034130632 |  -122.3153157487 |
| 1517815803543 | 47.656034130632 |  -122.3153157487 |
| 1517815803543 | 47.656034130632 |  -122.3153157487 |
| 1517816403529 | 47.656034130632 |  -122.3153157487 |
| 1517817003490 | 47.656034130632 |  -122.3153157487 |
| 1517817003490 | 47.656034130632 |  -122.3153157487 |
| 1517817603484 | 47.656034130632 |  -122.3153157487 |
| 1517817603484 | 47.656034130632 |  -122.3153157487 |
| 1517818203458 | 47.656034130632 |  -122.3153157487 |
| 1517828198814 |      47.6576032 |    -122.31383164 |
| 1517854986585 |      47.6576032 |    -122.31383164 |
| 1517854986588 | 47.654876401938 | -122.30958426519 |
| 1517855003852 |  47.65507306177 | -122.30922547057 |
| 1517855003860 |  47.65507306177 | -122.30922547057 |
| 1517855003965 | 47.655207296095 | -122.30886413084 |
| 1517855031814 | 47.655369121062 | -122.30844289966 |
| 1517855061725 | 47.655456481303 | -122.30763497674 |
| 1517855767644 | 47.655456481303 | -122.30763497674 |
| 1517855767979 | 47.653512435871 | -122.30580757063 |
| 1517855827602 | 47.653528256789 |  -122.3057597787 |
| 1517855828261 | 47.653495782418 | -122.30575499816 |
| 1517857273991 | 47.653495782418 | -122.30575499816 |
| 1517857274100 | 47.653525795031 | -122.30577911966 |
| 1517857428320 | 47.653529156164 | -122.30581719641 |
| 1517857428628 | 47.653508990709 | -122.30584190997 |
| 1517859111855 | 47.653508990709 | -122.30584190997 |
| 1517859112744 | 47.656575979519 | -122.30943162706 |
| 1517859157479 | 47.656532382321 | -122.30945975181 |
| 1517859157496 | 47.656531065039 | -122.30946049433 |
| 1517862629689 | 47.656531065039 | -122.30946049433 |
| 1517862629706 | 47.655025813937 |  -122.3051525463 |
| 1517862702898 | 47.654538854495 | -122.30487149629 |
| 1517862702923 | 47.654545396179 | -122.30479449254 |
| 1517880118810 | 47.654545396179 | -122.30479449254 |
| 1517880119151 | 47.655787642314 | -122.31189244524 |
| 1517880119222 | 47.655787642314 | -122.31189244524 |
| 1517880134611 | 47.656434953585 | -122.31132838944 |
| 1517880166448 | 47.656473474246 | -122.31099897515 |
| 1517880166449 | 47.656473474246 | -122.31099897515 |
| 1517880166507 | 47.656949852875 | -122.30993909555 |
| 1517880167051 | 47.656286491279 | -122.31127094909 |
| 1517880364017 | 47.656020402403 | -122.31450117447 |
| 1517932806422 | 47.656020402403 | -122.31450117447 |
| 1517932806436 | 47.656009429728 | -122.30900752971 |
| 1517932806438 | 47.656009429728 | -122.30900752971 |
| 1517933174499 | 47.655695593938 | -122.30865486975 |
| 1517936895703 | 47.655695593938 | -122.30865486975 |
| 1517943231782 | 47.655910946829 | -122.31378298293 |
| 1517943231783 | 47.655910946829 | -122.31378298293 |
| 1517943231839 | 47.655980507036 |  -122.3138480856 |
| 1517943231840 | 47.655922986618 |  -122.3137457903 |
| 1517943232023 | 47.655739348381 | -122.31578296889 |
| 1517943232028 | 47.655739348381 | -122.31578296889 |
| 1517943232507 | 47.655739348309 | -122.31578296891 |
| 1517943269003 |  47.65577738712 | -122.31581929509 |
| 1517943269087 |  47.65577738712 | -122.31581929509 |
| 1517943269088 | 47.655777387074 | -122.31581929521 |
| 1517943831900 | 47.655777387074 | -122.31581929521 |
| 1517943832060 | 47.655822710914 | -122.31579744442 |
| 1517943832061 | 47.655822710914 | -122.31579744442 |
| 1517943832062 |  47.65582271135 |  -122.3157974446 |
| 1517943855515 | 47.655734193438 | -122.31576853138 |
| 1517943855516 | 47.655734193438 | -122.31576853138 |
| 1517943855600 | 47.655734193348 | -122.31576853136 |
| 1517943870403 | 47.655747953625 |  -122.3158202153 |
| 1517948330947 | 47.651848788486 | -122.31016679672 |
| 1517948340149 | 47.651092492588 | -122.30848291693 |
| 1517948392839 | 47.650641144821 | -122.30705641012 |
| 1517948412424 | 47.651152716656 | -122.30581607853 |
| 1517948432799 | 47.650534916393 | -122.30484047393 |
| 1517948517417 | 47.651114214202 |  -122.3037978837 |
| 1517948575471 | 47.652088949769 | -122.30371129966 |
| 1517948629709 | 47.652535553545 | -122.30278453831 |
| 1517949187196 | 47.652535553545 | -122.30278453831 |
| 1517949188770 | 47.654447642483 | -122.30458653084 |
| 1517949193241 | 47.654447642483 | -122.30458653084 |
| 1517949193301 | 47.654447642317 | -122.30458653013 |
| 1517949208742 | 47.654467611265 | -122.30462688888 |
| 1517949208862 | 47.654467611267 | -122.30462688888 |
| 1517949381940 | 47.654461495556 | -122.30461205202 |
| 1517949381951 | 47.654461495556 | -122.30461205202 |
| 1517949515561 |  47.65444802353 | -122.30457156929 |
| 1517949515565 | 47.654464947035 | -122.30461560273 |
| 1517949515577 | 47.654464947038 | -122.30461560273 |
| 1517949516127 |  47.65448131856 | -122.30460750435 |
| 1517949619402 | 47.654477257676 | -122.30459228981 |
| 1517949619412 | 47.654477257676 | -122.30459228981 |
| 1517949619428 | 47.654459882014 | -122.30452114911 |
| 1517949619866 | 47.654481361795 | -122.30460410976 |
| 1517949678869 | 47.654469873137 | -122.30462798416 |
| 1517949678872 | 47.654469873064 | -122.30462798432 |
| 1517949679156 |  47.65447055754 | -122.30462861122 |
| 1517950832133 | 47.654478352429 | -122.30467494267 |
| 1517950832137 | 47.654457324327 | -122.30457800852 |
| 1517950832784 | 47.654457537533 |  -122.3045693824 |
| 1517954971666 | 47.654457537533 |  -122.3045693824 |
| 1517954971837 | 47.654493492199 | -122.30466748614 |
| 1517954971842 | 47.654482804615 | -122.30460042348 |
| 1517954971959 | 47.654482804615 | -122.30460042348 |
| 1517954972902 | 47.654437924403 | -122.30484936909 |
| 1517954992283 | 47.654438828897 | -122.30484935055 |
| 1517954992299 | 47.654438828897 | -122.30484935055 |
| 1517954992328 | 47.654442155149 | -122.30484925949 |
| 1517954992854 | 47.654539165765 | -122.30461212247 |
| 1517955020099 | 47.654540109006 | -122.30460566237 |
| 1517955020102 | 47.654540109006 | -122.30460566237 |
| 1517955020175 |   47.6545438328 | -122.30458016639 |
| 1517955020366 | 47.654633698342 | -122.30501134312 |
| 1517965638528 | 47.654633698342 | -122.30501134312 |
| 1517965639338 | 47.653912094938 |   -122.309287792 |
| 1517965909292 | 47.655298588147 |  -122.3122018388 |
| 1517966391435 | 47.655662731312 | -122.31577271607 |
| 1518022349592 | 47.655722622453 | -122.31583846815 |
| 1518022349595 | 47.655722622453 | -122.31583846815 |
| 1518022349598 | 47.655722622453 | -122.31583846815 |
| 1518022349620 |   47.6556972491 | -122.31586739382 |
| 1518022948055 |   47.6556972491 | -122.31586739382 |
| 1518023548030 |   47.6556972491 | -122.31586739382 |
| 1518024148302 |   47.6556972491 | -122.31586739382 |
| 1518024747994 |   47.6556972491 | -122.31586739382 |
| 1518025273734 | 47.656599686177 | -122.31456885445 |
| 1518025281365 |  47.65668350297 | -122.31442560419 |
| 1518025328941 |  47.65593604352 | -122.31366555652 |
| 1518025348025 |  47.65593604352 | -122.31366555652 |
| 1518025475060 | 47.655804242157 | -122.31220783306 |
| 1518025572361 | 47.655250311897 | -122.31111503582 |
| 1518025660527 |  47.65498566558 | -122.30949036779 |
| 1518025729019 | 47.655249928363 | -122.30812130932 |
| 1518025844939 | 47.654750123088 | -122.30698752262 |
| 1518025948453 | 47.654750123088 | -122.30698752262 |
| 1518030306072 | 47.654976176766 | -122.30919612065 |
| 1518031836278 |  47.65655195126 | -122.30946164919 |
| 1518031836289 |  47.65655195126 | -122.30946164919 |
| 1518032434307 |  47.65655195126 | -122.30946164919 |
| 1518033034922 |  47.65655195126 | -122.30946164919 |
| 1518033634270 |  47.65655195126 | -122.30946164919 |
| 1518034234265 |  47.65655195126 | -122.30946164919 |
| 1518034834238 |  47.65655195126 | -122.30946164919 |
| 1518035070806 | 47.656532613455 | -122.30812750061 |
| 1518035135304 |  47.65587732445 | -122.30700796082 |
| 1518035310005 | 47.655576253683 | -122.30571347247 |
| 1518035434290 | 47.655576253683 | -122.30571347247 |
| 1518035975759 | 47.654767470199 | -122.30498525295 |
| 1518036034229 | 47.654767470199 | -122.30498525295 |
| 1518036634204 | 47.654767470199 | -122.30498525295 |
| 1518037236343 | 47.654767470199 | -122.30498525295 |
| 1518037834174 | 47.654767470199 | -122.30498525295 |
| 1518038434149 | 47.654767470199 | -122.30498525295 |
| 1518039034406 | 47.654767470199 | -122.30498525295 |
| 1518039634134 | 47.654767470199 | -122.30498525295 |
| 1518040234148 | 47.654767470199 | -122.30498525295 |
| 1518040834135 | 47.654767470199 | -122.30498525295 |
| 1518041434096 | 47.654767470199 | -122.30498525295 |
| 1518042034069 | 47.654767470199 | -122.30498525295 |
| 1518042634091 | 47.654767470199 | -122.30498525295 |
| 1518043234059 | 47.654767470199 | -122.30498525295 |
| 1518043834077 | 47.654767470199 | -122.30498525295 |
| 1518044434077 | 47.654767470199 | -122.30498525295 |
| 1518045034021 | 47.654767470199 | -122.30498525295 |
| 1518045634002 | 47.654767470199 | -122.30498525295 |
| 1518046234048 | 47.654767470199 | -122.30498525295 |
| 1518046834015 | 47.654767470199 | -122.30498525295 |
| 1518047434045 | 47.654767470199 | -122.30498525295 |
| 1518048033969 | 47.654767470199 | -122.30498525295 |
| 1518048633966 | 47.654767470199 | -122.30498525295 |
| 1518049233961 | 47.654767470199 | -122.30498525295 |
| 1518049833971 | 47.654767470199 | -122.30498525295 |
| 1518050433910 | 47.654767470199 | -122.30498525295 |
| 1518051033907 | 47.654767470199 | -122.30498525295 |
| 1518051633945 | 47.654767470199 | -122.30498525295 |
| 1518052233966 | 47.654767470199 | -122.30498525295 |
| 1518052259916 | 47.655053600367 | -122.30670519049 |
| 1518052812322 | 47.654719489959 | -122.30795156271 |
| 1518052833900 | 47.654719489959 | -122.30795156271 |
| 1518053433865 | 47.654719489959 | -122.30795156271 |
| 1518059522964 | 47.654976176766 | -122.30919612065 |
| 1518059522979 | 47.655413316244 | -122.31376287607 |
| 1518059644584 | 47.655493083927 | -122.31540848575 |
| 1518060885184 | 47.655736335165 | -122.31599981016 |
| 1518060885198 |  47.65573676964 | -122.31599784833 |
| 1518061483117 |  47.65573676964 | -122.31599784833 |
| 1518062083150 |  47.65573676964 | -122.31599784833 |
| 1518062683120 |  47.65573676964 | -122.31599784833 |
| 1518063283041 |  47.65573676964 | -122.31599784833 |
| 1518063883036 |  47.65573676964 | -122.31599784833 |
| 1518064482990 |  47.65573676964 | -122.31599784833 |
| 1518065082970 |  47.65573676964 | -122.31599784833 |
| 1518065682928 |  47.65573676964 | -122.31599784833 |
| 1518066282910 |  47.65573676964 | -122.31599784833 |
| 1518066882947 |  47.65573676964 | -122.31599784833 |
| 1518067482898 |  47.65573676964 | -122.31599784833 |
| 1518068083249 |  47.65573676964 | -122.31599784833 |
| 1518068683019 |  47.65573676964 | -122.31599784833 |
| 1518069282946 |  47.65573676964 | -122.31599784833 |
| 1518069882914 |  47.65573676964 | -122.31599784833 |
| 1518070482911 |  47.65573676964 | -122.31599784833 |
| 1518071082896 |  47.65573676964 | -122.31599784833 |
| 1518071682859 |  47.65573676964 | -122.31599784833 |
| 1518072282844 |  47.65573676964 | -122.31599784833 |
| 1518072882890 |  47.65573676964 | -122.31599784833 |
| 1518073482837 |  47.65573676964 | -122.31599784833 |
| 1518074085244 |  47.65573676964 | -122.31599784833 |
| 1518074682844 |  47.65573676964 | -122.31599784833 |
| 1518075282867 |  47.65573676964 | -122.31599784833 |
| 1518075282867 |  47.65573676964 | -122.31599784833 |
| 1518075282867 |  47.65573676964 | -122.31599784833 |
| 1518075883518 |  47.65573676964 | -122.31599784833 |
| 1518107187342 |  47.65493560135 | -122.30918014987 |
| 1518107187490 |  47.65493560135 | -122.30918014987 |
| 1518107187504 |  47.65493560135 | -122.30918014987 |
| 1518107239913 | 47.655375162369 | -122.30800860484 |
| 1518107784651 | 47.655375162369 | -122.30800860484 |
| 1518108384567 | 47.655375162369 | -122.30800860484 |
| 1518116224392 |  47.65493560135 | -122.30918014987 |
| 1518116224434 | 47.653507414347 |  -122.3057999212 |
| 1518116224466 | 47.653507414347 |  -122.3057999212 |
| 1518116822058 | 47.653507414347 |  -122.3057999212 |
| 1518117325466 | 47.654490166498 |  -122.3052288151 |
| 1518117422688 | 47.654490166498 |  -122.3052288151 |
| 1518117798384 | 47.655388894794 | -122.30544899093 |
| 1518117972478 | 47.654520178577 | -122.30484424247 |
| 1518118022243 | 47.654520178577 | -122.30484424247 |
| 1518118621981 | 47.654520178577 | -122.30484424247 |
| 1518119221961 | 47.654520178577 | -122.30484424247 |
| 1518119821951 | 47.654520178577 | -122.30484424247 |
| 1518127250734 |  47.65493560135 | -122.30918014987 |
| 1518127250809 | 47.657115640194 | -122.30628042075 |
| 1518127250908 | 47.657115640194 | -122.30628042075 |
| 1518127848697 | 47.657115640194 | -122.30628042075 |
| 1518128295226 | 47.656176167441 | -122.30578842311 |
| 1518128448630 | 47.656176167441 | -122.30578842311 |
| 1518128492015 |  47.65448077139 | -122.30500398021 |
| 1518129048708 |  47.65448077139 | -122.30500398021 |
| 1518129648652 |  47.65448077139 | -122.30500398021 |
| 1518130248631 |  47.65448077139 | -122.30500398021 |
| 1518130848672 |  47.65448077139 | -122.30500398021 |
| 1518131449666 |  47.65448077139 | -122.30500398021 |
| 1518132048596 |  47.65448077139 | -122.30500398021 |
| 1518132648625 |  47.65448077139 | -122.30500398021 |
| 1518133248521 |  47.65448077139 | -122.30500398021 |
| 1518138324787 |  47.65493560135 | -122.30918014987 |
| 1518138324796 | 47.655102598449 | -122.31005561305 |
| 1518138324800 | 47.655102598449 | -122.31005561305 |
| 1518138378341 | 47.655415446716 | -122.31158367741 |
| 1518138487402 | 47.655378359261 |  -122.3121258154 |
| 1518138578378 | 47.655431795649 | -122.31361267481 |
| 1518138663095 | 47.655531457792 | -122.31527464574 |
| 1518138922859 | 47.655531457792 | -122.31527464574 |
| 1518139521612 | 47.655531457792 | -122.31527464574 |
| 1518140121956 | 47.655531457792 | -122.31527464574 |
| 1518140721550 | 47.655531457792 | -122.31527464574 |
| 1518141321580 | 47.655531457792 | -122.31527464574 |
| 1518141921552 | 47.655531457792 | -122.31527464574 |
| 1518142521533 | 47.655531457792 | -122.31527464574 |
| 1518143138836 | 47.655531457792 | -122.31527464574 |
| 1518143721848 | 47.655531457792 | -122.31527464574 |
| 1518173005312 | 47.655717094378 | -122.31574308647 |
| 1518173005317 | 47.655717094378 | -122.31574308647 |
| 1518173603952 | 47.655717094378 | -122.31574308647 |
| 1518173603952 | 47.655717094378 | -122.31574308647 |
| 1518174203925 | 47.655717094378 | -122.31574308647 |
| 1518174803950 | 47.655717094378 | -122.31574308647 |
| 1518174803950 | 47.655717094378 | -122.31574308647 |
| 1518175403915 | 47.655717094378 | -122.31574308647 |
| 1518175403915 | 47.655717094378 | -122.31574308647 |
| 1518176003890 | 47.655717094378 | -122.31574308647 |
| 1518176603898 | 47.655717094378 | -122.31574308647 |
| 1518176603898 | 47.655717094378 | -122.31574308647 |
| 1518177203879 | 47.655717094378 | -122.31574308647 |
| 1518294070098 | 47.655712361483 | -122.31577558097 |
| 1518375205128 | 47.655734312765 | -122.31580683042 |
| 1518375217436 | 47.655719928261 | -122.31572062084 |
| 1518375218275 | 47.655716040216 | -122.31582418096 |
| 1518375218286 | 47.655716040216 | -122.31582418096 |
| 1518375816089 | 47.655716040216 | -122.31582418096 |
| 1518376416031 | 47.655716040216 | -122.31582418096 |
| 1518376907080 | 47.656134499618 | -122.31568534131 |
| 1518377016156 | 47.656134499618 | -122.31568534131 |
| 1518377616094 | 47.656134499618 | -122.31568534131 |
| 1518378217600 | 47.656134499618 | -122.31568534131 |
| 1518431864122 | 47.655718496533 | -122.31573778055 |
| 1518431864178 | 47.655723287992 | -122.31573897835 |
| 1518431864631 | 47.655723287992 | -122.31573897835 |
| 1518432455745 | 47.655723287992 | -122.31573897835 |
| 1518432455745 | 47.655723287992 | -122.31573897835 |
| 1518433055720 | 47.655723287992 | -122.31573897835 |
| 1518433655720 | 47.655723287992 | -122.31573897835 |
| 1518433655720 | 47.655723287992 | -122.31573897835 |
| 1518434255689 | 47.655723287992 | -122.31573897835 |
| 1518434255689 | 47.655723287992 | -122.31573897835 |
| 1518434255689 | 47.655723287992 | -122.31573897835 |
| 1518434855622 | 47.655723287992 | -122.31573897835 |
| 1518435455626 | 47.655723287992 | -122.31573897835 |
| 1518435455626 | 47.655723287992 | -122.31573897835 |
| 1518435455626 | 47.655723287992 | -122.31573897835 |
| 1518436055611 | 47.655723287992 | -122.31573897835 |
| 1518436055611 | 47.655723287992 | -122.31573897835 |
| 1518436655641 | 47.655723287992 | -122.31573897835 |
| 1518437255582 | 47.655723287992 | -122.31573897835 |
| 1518437255582 | 47.655723287992 | -122.31573897835 |
| 1518437855600 | 47.655723287992 | -122.31573897835 |
| 1518437855600 | 47.655723287992 | -122.31573897835 |
| 1518438455573 | 47.655723287992 | -122.31573897835 |
| 1518439055563 | 47.655723287992 | -122.31573897835 |
| 1518439055563 | 47.655723287992 | -122.31573897835 |
| 1518439655563 | 47.655723287992 | -122.31573897835 |
| 1518439655563 | 47.655723287992 | -122.31573897835 |
| 1518440255567 | 47.655723287992 | -122.31573897835 |
| 1518440855490 | 47.655723287992 | -122.31573897835 |
| 1518440855490 | 47.655723287992 | -122.31573897835 |
| 1518441455524 | 47.655723287992 | -122.31573897835 |
| 1518441455524 | 47.655723287992 | -122.31573897835 |
| 1518442055486 | 47.655723287992 | -122.31573897835 |
| 1518442655463 | 47.655723287992 | -122.31573897835 |
| 1518442655463 | 47.655723287992 | -122.31573897835 |
| 1518443255499 | 47.655723287992 | -122.31573897835 |
| 1518443255499 | 47.655723287992 | -122.31573897835 |
| 1518443855487 | 47.655723287992 | -122.31573897835 |
| 1518444455486 | 47.655723287992 | -122.31573897835 |
| 1518444455486 | 47.655723287992 | -122.31573897835 |
| 1518445055449 | 47.655723287992 | -122.31573897835 |
| 1518445055449 | 47.655723287992 | -122.31573897835 |
| 1518445655371 | 47.655723287992 | -122.31573897835 |
| 1518446255401 | 47.655723287992 | -122.31573897835 |
| 1518446255401 | 47.655723287992 | -122.31573897835 |
| 1518446855420 | 47.655723287992 | -122.31573897835 |
| 1518446855420 | 47.655723287992 | -122.31573897835 |
| 1518447455409 | 47.655723287992 | -122.31573897835 |
| 1518448055408 | 47.655723287992 | -122.31573897835 |
| 1518448055408 | 47.655723287992 | -122.31573897835 |
| 1518448655394 | 47.655723287992 | -122.31573897835 |
| 1518448655394 | 47.655723287992 | -122.31573897835 |
| 1518449255321 | 47.655723287992 | -122.31573897835 |
| 1518449855364 | 47.655723287992 | -122.31573897835 |
| 1518449855364 | 47.655723287992 | -122.31573897835 |
| 1518450455345 | 47.655723287992 | -122.31573897835 |
| 1518451055304 | 47.655723287992 | -122.31573897835 |
| 1518451655317 | 47.655723287992 | -122.31573897835 |
| 1518451771397 |  47.65638590389 | -122.31466422467 |
| 1518451911241 | 47.656046949476 | -122.31316670007 |
| 1518451944898 | 47.655590708193 | -122.31191362549 |
| 1518452072600 | 47.654609765577 | -122.31178577011 |
| 1518452159119 | 47.654138775587 | -122.31062354531 |
| 1518452246746 | 47.653432428173 | -122.30977028954 |
| 1518452255269 | 47.653432428173 | -122.30977028954 |
| 1518452855313 | 47.653432428173 | -122.30977028954 |
| 1518453455300 | 47.653432428173 | -122.30977028954 |
| 1518454055189 | 47.653432428173 | -122.30977028954 |
| 1518454655209 | 47.653432428173 | -122.30977028954 |
| 1518455255299 | 47.653432428173 | -122.30977028954 |
| 1518455855162 | 47.653432428173 | -122.30977028954 |
| 1518456045830 | 47.654343268586 | -122.31034968108 |
| 1518456123798 | 47.654600697786 | -122.31174548273 |
| 1518456250099 | 47.655277607818 |  -122.3126389059 |
| 1518456322119 | 47.655844769603 | -122.31368532773 |
| 1518456455201 | 47.655844769603 | -122.31368532773 |
| 1518456520614 | 47.656379047809 | -122.31480369472 |
| 1518456676231 | 47.655760099644 | -122.31583393967 |
| 1518462012874 | 47.656379047809 | -122.31480369472 |
| 1518462012879 | 47.655749430261 | -122.31573172637 |
| 1518462012884 | 47.655747649478 |  -122.3156986749 |
| 1518462012946 | 47.655709974606 | -122.31575354008 |
| 1518462607461 | 47.656144328754 | -122.31434342561 |
| 1518462611668 | 47.656144328754 | -122.31434342561 |
| 1518463406715 | 47.656565908607 |  -122.3094321101 |
| 1518463406745 | 47.656565908607 |  -122.3094321101 |
| 1518464004692 | 47.656565908607 |  -122.3094321101 |
| 1518464604624 | 47.656565908607 |  -122.3094321101 |
| 1518465204569 | 47.656565908607 |  -122.3094321101 |
| 1518465804690 | 47.656565908607 |  -122.3094321101 |
| 1518466404575 | 47.656565908607 |  -122.3094321101 |
| 1518467004560 | 47.656565908607 |  -122.3094321101 |
| 1518467058324 | 47.656123459201 | -122.30767454942 |
| 1518467117829 | 47.655865759868 | -122.30629089736 |
| 1518467224571 |  47.65436323783 | -122.30530424065 |
| 1518467604573 |  47.65436323783 | -122.30530424065 |
| 1518468204579 |  47.65436323783 | -122.30530424065 |
| 1518468804572 |  47.65436323783 | -122.30530424065 |
| 1518484450697 | 47.656123459201 | -122.30767454942 |
| 1518484450703 | 47.656106294162 | -122.30988316095 |
| 1518484546756 | 47.656327088965 | -122.31193343597 |
| 1518484699448 | 47.655933940393 | -122.31343988945 |
| 1518485049570 | 47.655933940393 | -122.31343988945 |
| 1518485306098 | 47.655737810159 | -122.31476217283 |
| 1518485649517 | 47.655737810159 | -122.31476217283 |
| 1518486249475 | 47.655737810159 | -122.31476217283 |
| 1518486849489 | 47.655737810159 | -122.31476217283 |
| 1518487449576 | 47.655737810159 | -122.31476217283 |
| 1518488051528 | 47.655737810159 | -122.31476217283 |
| 1518488649444 | 47.655737810159 | -122.31476217283 |
| 1518489249396 | 47.655737810159 | -122.31476217283 |
| 1518489849469 | 47.655737810159 | -122.31476217283 |
| 1518490449408 | 47.655737810159 | -122.31476217283 |
| 1518491049340 | 47.655737810159 | -122.31476217283 |
| 1518491649355 | 47.655737810159 | -122.31476217283 |
| 1518492249332 | 47.655737810159 | -122.31476217283 |
| 1518492849303 | 47.655737810159 | -122.31476217283 |
| 1518493449277 | 47.655737810159 | -122.31476217283 |
| 1518494049207 | 47.655737810159 | -122.31476217283 |
| 1518494649227 | 47.655737810159 | -122.31476217283 |
| 1518495249197 | 47.655737810159 | -122.31476217283 |
| 1518495849196 | 47.655737810159 | -122.31476217283 |
| 1518496449117 | 47.655737810159 | -122.31476217283 |
| 1518497049094 | 47.655737810159 | -122.31476217283 |
| 1518497649051 | 47.655737810159 | -122.31476217283 |
| 1518498249068 | 47.655737810159 | -122.31476217283 |
| 1518498849073 | 47.655737810159 | -122.31476217283 |
| 1518499449014 | 47.655737810159 | -122.31476217283 |
| 1518500048950 | 47.655737810159 | -122.31476217283 |
| 1518500648960 | 47.655737810159 | -122.31476217283 |
| 1518501248945 | 47.655737810159 | -122.31476217283 |
| 1518537871722 | 47.655871860104 | -122.31456384392 |
| 1518537871726 | 47.655758651385 | -122.30871757115 |
| 1518537871732 | 47.655758651385 | -122.30871757115 |
| 1518538466543 | 47.655758651385 | -122.30871757115 |
| 1518539066502 | 47.655758651385 | -122.30871757115 |
| 1518539666477 | 47.655758651385 | -122.30871757115 |
| 1518540266452 | 47.655758651385 | -122.30871757115 |
| 1518540866464 | 47.655758651385 | -122.30871757115 |
| 1518541466447 | 47.655758651385 | -122.30871757115 |
| 1518541635546 | 47.656212226364 | -122.31014789739 |
| 1518541721838 | 47.656184054545 | -122.31182261736 |
| 1518541814040 | 47.656213525006 | -122.31330773268 |
| 1518542066413 | 47.656213525006 | -122.31330773268 |
| 1518542250202 | 47.656032013269 | -122.31476236975 |
| 1518542666428 | 47.656032013269 | -122.31476236975 |
| 1518543266400 | 47.656032013269 | -122.31476236975 |
| 1518543866374 | 47.656032013269 | -122.31476236975 |
| 1518544466389 | 47.656032013269 | -122.31476236975 |
| 1518545066360 | 47.656032013269 | -122.31476236975 |
| 1518545666334 | 47.656032013269 | -122.31476236975 |
| 1518546266352 | 47.656032013269 | -122.31476236975 |
| 1518546866340 | 47.656032013269 | -122.31476236975 |
| 1518547466295 | 47.656032013269 | -122.31476236975 |
| 1518548066308 | 47.656032013269 | -122.31476236975 |
| 1518548666282 | 47.656032013269 | -122.31476236975 |
| 1518548824987 | 47.655523843176 | -122.31611394335 |
| 1518549240623 | 47.655499265805 | -122.31471473208 |
| 1518549266291 | 47.655499265805 | -122.31471473208 |
| 1518549307412 | 47.655373188382 | -122.31313101929 |
| 1518549504196 | 47.655204710916 | -122.31129409406 |
| 1518549559658 | 47.655097518505 | -122.30991855177 |
| 1518549667155 | 47.656168363392 | -122.30907072041 |
| 1518549667366 | 47.655845893749 | -122.30950947703 |
| 1518549667371 | 47.655424949432 | -122.30797569786 |
| 1518549842227 | 47.655134921128 | -122.30598233929 |
| 1518549866256 | 47.655134921128 | -122.30598233929 |
| 1518550317908 | 47.656113309673 | -122.30590795611 |
| 1518550466333 | 47.656113309673 | -122.30590795611 |
| 1518550528051 | 47.657239037324 | -122.30715561048 |
| 1518550581548 | 47.658059847678 | -122.30786668805 |
| 1518550676803 |  47.65897619619 | -122.30744791007 |
| 1518550869031 | 47.658227058869 | -122.30560759548 |
| 1518550963598 | 47.657371426426 | -122.30509974215 |
| 1518551044899 | 47.656463211819 | -122.30519982473 |
| 1518551066208 | 47.656463211819 | -122.30519982473 |
| 1518551168434 | 47.655256877934 | -122.30493468926 |
| 1518551263033 | 47.654381989718 | -122.30537843347 |
| 1518551371326 | 47.653468868487 | -122.30564939953 |
| 1518551666230 | 47.653468868487 | -122.30564939953 |
| 1518551668001 |  47.65457226121 | -122.30382067369 |
| 1518551722754 | 47.655357427522 | -122.30308819495 |
| 1518551929617 | 47.656122390725 | -122.30237987774 |
| 1518551991953 | 47.655281190777 | -122.30166017618 |
| 1518551992042 | 47.657644621823 | -122.30343665103 |
| 1518552044697 | 47.656532860138 | -122.30341756397 |
| 1518552161009 | 47.655807602061 | -122.30244601768 |
| 1518552266204 | 47.655807602061 | -122.30244601768 |
| 1518552298327 | 47.654869696243 | -122.30252528642 |
| 1518552314702 | 47.653743688848 | -122.30304225172 |
| 1518552486348 |  47.65274189445 | -122.30333832877 |
| 1518552551846 | 47.652964958499 | -122.30463755212 |
| 1518552615693 | 47.653838510209 | -122.30511762366 |
| 1518552742252 | 47.654784533818 |  -122.3053814727 |
| 1518552767536 | 47.655691374553 | -122.30624023561 |
| 1518552866183 | 47.655691374553 | -122.30624023561 |
| 1518553077523 | 47.655155792056 | -122.30514287727 |
| 1518553466195 | 47.655155792056 | -122.30514287727 |
| 1518570452862 | 47.655376764545 | -122.30776425727 |
| 1518570452879 | 47.655438120275 | -122.31402191049 |
| 1518570453063 | 47.655438120275 | -122.31402191049 |
| 1518570750655 | 47.655468266105 | -122.31211340297 |
| 1518570752864 | 47.655623540357 | -122.31502626422 |
| 1518571050490 | 47.655623540357 | -122.31502626422 |
| 1518571050490 | 47.655623540357 | -122.31502626422 |
| 1518571696481 | 47.655623540357 | -122.31502626422 |
| 1518572250570 | 47.655623540357 | -122.31502626422 |
| 1518572250570 | 47.655623540357 | -122.31502626422 |
| 1518572850435 | 47.655623540357 | -122.31502626422 |
| 1518572850435 | 47.655623540357 | -122.31502626422 |
| 1518573450437 | 47.655623540357 | -122.31502626422 |
| 1518574050389 | 47.655623540357 | -122.31502626422 |
| 1518574650377 | 47.655623540357 | -122.31502626422 |
| 1518575250401 | 47.655623540357 | -122.31502626422 |
| 1518575850409 | 47.655623540357 | -122.31502626422 |
| 1518576450315 | 47.655623540357 | -122.31502626422 |
| 1518577050343 | 47.655623540357 | -122.31502626422 |
| 1518577650424 | 47.655623540357 | -122.31502626422 |
| 1518578250324 | 47.655623540357 | -122.31502626422 |
| 1518578850334 | 47.655623540357 | -122.31502626422 |
| 1518579450340 | 47.655623540357 | -122.31502626422 |
| 1518580050251 | 47.655623540357 | -122.31502626422 |
| 1518604724499 |     47.65780029 |    -122.31311502 |
| 1518604724505 | 47.655720534306 | -122.31572594437 |
| 1518604724508 | 47.655720534306 | -122.31572594437 |
| 1518604724521 | 47.655722342707 | -122.31572270567 |
| 1518605322780 | 47.655722342707 | -122.31572270567 |
| 1518605322780 | 47.655722342707 | -122.31572270567 |
| 1518605922719 | 47.655722342707 | -122.31572270567 |
| 1518606522735 | 47.655722342707 | -122.31572270567 |
| 1518606522735 | 47.655722342707 | -122.31572270567 |
| 1518607122677 | 47.655722342707 | -122.31572270567 |
| 1518607122677 | 47.655722342707 | -122.31572270567 |
| 1518607722693 | 47.655722342707 | -122.31572270567 |
| 1518608322630 | 47.655722342707 | -122.31572270567 |
| 1518608322630 | 47.655722342707 | -122.31572270567 |
| 1518608922655 | 47.655722342707 | -122.31572270567 |
| 1518608922655 | 47.655722342707 | -122.31572270567 |
| 1518609522667 | 47.655722342707 | -122.31572270567 |
| 1518610122711 | 47.655722342707 | -122.31572270567 |
| 1518610122711 | 47.655722342707 | -122.31572270567 |
| 1518610722676 | 47.655722342707 | -122.31572270567 |
| 1518610722676 | 47.655722342707 | -122.31572270567 |
| 1518611322650 | 47.655722342707 | -122.31572270567 |
| 1518611922564 | 47.655722342707 | -122.31572270567 |
| 1518611922564 | 47.655722342707 | -122.31572270567 |
| 1518612522625 | 47.655722342707 | -122.31572270567 |
| 1518612522625 | 47.655722342707 | -122.31572270567 |
| 1518613122563 | 47.655722342707 | -122.31572270567 |
| 1518613317412 | 47.655711074407 | -122.31576679122 |
| 1518613722610 | 47.655711074407 | -122.31576679122 |
| 1518613722610 | 47.655711074407 | -122.31576679122 |
| 1518614322605 | 47.655711074407 | -122.31576679122 |
| 1518614322605 | 47.655711074407 | -122.31576679122 |
| 1518614922564 | 47.655711074407 | -122.31576679122 |
| 1518615522565 | 47.655711074407 | -122.31576679122 |
| 1518615522565 | 47.655711074407 | -122.31576679122 |
| 1518616122540 | 47.655711074407 | -122.31576679122 |
| 1518616122540 | 47.655711074407 | -122.31576679122 |
| 1518616722497 | 47.655711074407 | -122.31576679122 |
| 1518617322547 | 47.655711074407 | -122.31576679122 |
| 1518617322547 | 47.655711074407 | -122.31576679122 |
| 1518617922531 | 47.655711074407 | -122.31576679122 |
| 1518617922531 | 47.655711074407 | -122.31576679122 |
| 1518625679389 | 47.653757524721 | -122.31019640353 |
| 1518629330669 | 47.653757524721 | -122.31019640353 |
| 1518629330671 | 47.655006090355 | -122.30697909698 |
| 1518629330683 | 47.655006090355 | -122.30697909698 |
| 1518629926364 | 47.655006090355 | -122.30697909698 |
| 1518630526385 | 47.655006090355 | -122.30697909698 |
| 1518631126330 | 47.655006090355 | -122.30697909698 |
| 1518631726279 | 47.655006090355 | -122.30697909698 |
| 1518632326261 | 47.655006090355 | -122.30697909698 |
| 1518632926275 | 47.655006090355 | -122.30697909698 |
| 1518633526224 | 47.655006090355 | -122.30697909698 |
| 1518634126236 | 47.655006090355 | -122.30697909698 |
| 1518634726213 | 47.655006090355 | -122.30697909698 |
| 1518635326229 | 47.655006090355 | -122.30697909698 |
| 1518635926227 | 47.655006090355 | -122.30697909698 |
| 1518635983983 | 47.655355044165 | -122.30842287218 |
| 1518636054233 | 47.656012249219 | -122.30951433699 |
| 1518640128219 | 47.655234467997 | -122.30550295034 |
| 1518640128242 | 47.655234467997 | -122.30550295034 |
| 1518640558725 | 47.654482853404 | -122.30471235084 |
| 1518640726368 | 47.654482853404 | -122.30471235084 |
| 1518641326311 | 47.654482853404 | -122.30471235084 |
| 1518663914927 | 47.653757524721 | -122.31019640353 |
| 1518663914939 | 47.655768011708 | -122.31370659554 |
| 1518663914945 | 47.655768011708 | -122.31370659554 |
| 1518664259802 | 47.655944011982 |  -122.3150441123 |
| 1518664509447 | 47.655944011982 |  -122.3150441123 |
| 1518665110395 | 47.655944011982 |  -122.3150441123 |
| 1518665709551 | 47.655944011982 |  -122.3150441123 |
| 1518666309440 | 47.655944011982 |  -122.3150441123 |
| 1518666909388 | 47.655944011982 |  -122.3150441123 |
| 1518667509373 | 47.655944011982 |  -122.3150441123 |
| 1518668109344 | 47.655944011982 |  -122.3150441123 |
| 1518668709421 | 47.655944011982 |  -122.3150441123 |
| 1518669309374 | 47.655944011982 |  -122.3150441123 |
| 1518669909390 | 47.655944011982 |  -122.3150441123 |
| 1518670509325 | 47.655944011982 |  -122.3150441123 |
| 1518671109296 | 47.655944011982 |  -122.3150441123 |
| 1518671709399 | 47.655944011982 |  -122.3150441123 |
| 1518672309325 | 47.655944011982 |  -122.3150441123 |
| 1518672909239 | 47.655944011982 |  -122.3150441123 |
| 1518711949268 | 47.653757524721 | -122.31019640353 |
| 1518711949272 | 47.655221350536 | -122.30776972613 |
| 1518711949275 | 47.655221350536 | -122.30776972613 |
| 1518712548391 | 47.655221350536 | -122.30776972613 |
| 1518713148429 | 47.655221350536 | -122.30776972613 |
| 1518713748394 | 47.655221350536 | -122.30776972613 |
| 1518714348413 | 47.655221350536 | -122.30776972613 |
| 1518714948375 | 47.655221350536 | -122.30776972613 |
| 1518715543894 | 47.654547349516 | -122.30513860423 |
| 1518715548642 | 47.654547349516 | -122.30513860423 |
| 1518716148347 | 47.654547349516 | -122.30513860423 |
| 1518716748401 | 47.654547349516 | -122.30513860423 |
| 1518717348610 | 47.654547349516 | -122.30513860423 |
| 1518718099128 | 47.650254379823 | -122.30538279307 |
| 1518718099151 | 47.650030162021 | -122.30525698963 |
| 1518718131656 |  47.65122473776 | -122.30590041931 |
| 1518718144510 | 47.650215003414 | -122.30535731414 |
| 1518718156885 | 47.653765618896 | -122.30723289861 |
| 1518718541684 | 47.656119886129 | -122.31028003268 |
| 1518718648705 | 47.656358331718 |  -122.3117330786 |
| 1518718697678 | 47.656358331718 |  -122.3117330786 |
| 1518718747230 | 47.656286790021 | -122.31329941054 |
| 1518718921262 | 47.656930256997 | -122.31427123078 |
| 1518719297653 | 47.656930256997 | -122.31427123078 |
| 1518719897631 | 47.656930256997 | -122.31427123078 |
| 1518720497644 | 47.656930256997 | -122.31427123078 |
| 1518721097613 | 47.656930256997 | -122.31427123078 |
| 1518721697654 | 47.656930256997 | -122.31427123078 |
| 1518722297598 | 47.656930256997 | -122.31427123078 |
| 1518722564347 |  47.65605573193 | -122.31368440889 |
| 1518722655254 | 47.656113295104 | -122.31532065378 |
| 1518722897571 | 47.656113295104 | -122.31532065378 |
| 1518723052722 | 47.655440593651 | -122.31441782449 |
| 1518723115021 |  47.65537367055 | -122.31301846851 |
| 1518723259002 | 47.654826545329 | -122.31188562559 |
| 1518723349332 | 47.654329740832 | -122.31073741136 |
| 1518723459547 | 47.653351024627 | -122.31037211962 |
| 1518723498955 | 47.653351024627 | -122.31037211962 |
| 1518723546746 | 47.652689372216 | -122.30945950915 |
| 1518723624551 | 47.651948992122 |  -122.3085858789 |
| 1518723818723 | 47.650759482486 |  -122.3069213807 |
| 1518723825738 | 47.650083984344 | -122.30552318331 |
| 1518724097518 | 47.650083984344 | -122.30552318331 |
| 1518724178629 | 47.651182226881 |  -122.3035160267 |
| 1518724237980 | 47.652071756355 | -122.30325082328 |
| 1518724433664 | 47.653072330747 |  -122.3038519662 |
| 1518724487172 | 47.653953508215 | -122.30416836976 |
| 1518724697555 | 47.653953508215 | -122.30416836976 |
| 1518724802464 | 47.651890740398 | -122.30801078508 |
| 1518724802597 | 47.654240491511 | -122.30468705854 |
| 1518724802608 | 47.654240491511 | -122.30468705854 |
| 1518725400585 | 47.654240491511 | -122.30468705854 |
| 1518726000533 | 47.654240491511 | -122.30468705854 |
| 1518742800199 | 47.655439426562 | -122.31218819658 |
| 1518742800257 | 47.655439426562 | -122.31218819658 |
| 1518743006790 | 47.655915215145 | -122.31350689894 |
| 1518743404914 | 47.655915215145 | -122.31350689894 |
| 1518743505405 | 47.656537368256 | -122.31449213496 |
| 1518743517889 |  47.65615854155 | -122.31575828718 |
| 1518743999515 |  47.65615854155 | -122.31575828718 |
| 1518744600013 |  47.65615854155 | -122.31575828718 |
| 1518798112191 | 47.655439426562 | -122.31218819658 |
| 1518798112220 | 47.654422446081 | -122.31049562929 |
| 1518798112227 | 47.654422446081 | -122.31049562929 |
| 1518798193805 | 47.653517449899 | -122.31019422127 |
| 1518798710069 | 47.653517449899 | -122.31019422127 |
| 1518799309984 | 47.653517449899 | -122.31019422127 |
| 1518799909945 | 47.653517449899 | -122.31019422127 |
| 1518800509974 | 47.653517449899 | -122.31019422127 |
| 1518801109894 | 47.653517449899 | -122.31019422127 |
| 1518801709920 | 47.653517449899 | -122.31019422127 |
| 1518801720847 | 47.653920144356 | -122.30897016724 |
| 1518801834778 | 47.654063142773 | -122.30759986133 |
| 1518801893529 | 47.654721586788 | -122.30664821871 |
| 1518802063664 | 47.654190161974 | -122.30549050657 |
| 1518802141480 | 47.653167830549 |  -122.3055783286 |
| 1518802148035 | 47.653397943182 | -122.30720512844 |
| 1518802164019 | 47.651913796429 | -122.30676041569 |
| 1518802176824 | 47.652961055784 | -122.30847926562 |
| 1518802183261 | 47.652413274822 | -122.30965859174 |
| 1518802218970 | 47.653614600412 |  -122.3103471966 |
| 1518802254608 | 47.654523627529 | -122.31037983128 |
| 1518802284278 | 47.655296458572 | -122.31117747438 |
| 1518802309916 | 47.655296458572 | -122.31117747438 |
| 1518802312866 | 47.655460025967 | -122.31300527465 |
| 1518802706821 | 47.656105756974 | -122.31400664772 |
| 1518802749070 | 47.656064873731 | -122.31537651205 |
| 1518802909860 | 47.656064873731 | -122.31537651205 |
| 1518803510030 | 47.656064873731 | -122.31537651205 |
| 1518808180149 | 47.655460025967 | -122.31300527465 |
| 1518808180162 | 47.655705042571 |  -122.3155978694 |
| 1518808180165 |  47.65570504257 | -122.31559786939 |
| 1518808180169 | 47.655703664595 | -122.31571357031 |
| 1518808182965 | 47.655703664457 | -122.31571358192 |
| 1518808351327 | 47.656064375611 | -122.31445197275 |
| 1518808499800 | 47.656214254824 | -122.31313646581 |
| 1518808665840 | 47.656268030449 | -122.31180137035 |
| 1518808735325 | 47.656245287353 |  -122.3103073034 |
| 1518808777240 | 47.656245287353 |  -122.3103073034 |
| 1518809377192 | 47.656245287353 |  -122.3103073034 |
| 1518809977166 | 47.656245287353 |  -122.3103073034 |
| 1518810577104 | 47.656245287353 |  -122.3103073034 |
| 1518811177125 | 47.656245287353 |  -122.3103073034 |
| 1518811777222 | 47.656245287353 |  -122.3103073034 |
| 1518812377092 | 47.656245287353 |  -122.3103073034 |
| 1518812774878 | 47.656110676866 | -122.30887351462 |
| 1518812868903 | 47.656086755075 | -122.30752089294 |
| 1518812977110 | 47.656086755075 | -122.30752089294 |
| 1518813046281 | 47.655675922706 | -122.30593384477 |
| 1518813544255 | 47.654913603939 | -122.30511546622 |
| 1518813577043 | 47.654913603939 | -122.30511546622 |
| 1518823347604 | 47.650857653985 | -122.30395224818 |
| 1518823347654 | 47.650856751267 | -122.30395202024 |
| 1518823429336 | 47.649990386515 | -122.30431175561 |
| 1518823946669 | 47.649990386515 | -122.30431175561 |
| 1518824314961 | 47.598623269975 | -122.32802163368 |
| 1518824537535 | 47.598798614816 | -122.32773268565 |
| 1518824546715 | 47.598798614816 | -122.32773268565 |
| 1518824647612 | 47.598256907931 | -122.32679394306 |
| 1518825147797 | 47.598256907931 | -122.32679394306 |
| 1518825451911 | 47.597578831121 | -122.32576739843 |
| 1518825480365 | 47.597580049619 | -122.32421353905 |
| 1518825544841 | 47.598123407256 | -122.32307536377 |
| 1518825558140 | 47.599237441275 | -122.32182529529 |
| 1518825588931 | 47.599893388023 | -122.31715056841 |
| 1518825610409 | 47.600836769251 | -122.31696861679 |
| 1518825724107 | 47.601734605761 | -122.31653732225 |
| 1518825750131 | 47.601734605761 | -122.31653732225 |
| 1518825761579 | 47.601763860597 | -122.31503560666 |
| 1518825881524 | 47.601804704594 | -122.31310144807 |
| 1518825902934 | 47.601595805925 |  -122.3094598518 |
| 1518825915775 | 47.601649600897 | -122.30793571339 |
| 1518825922242 | 47.601688844634 | -122.30656955945 |
| 1518825965031 | 47.601615010063 |  -122.3047278497 |
| 1518826000809 | 47.601705149188 | -122.30321773468 |
| 1518826126202 | 47.601769574852 | -122.30126935854 |
| 1518826169116 | 47.603491119177 | -122.30130134374 |
| 1518826169825 |  47.60476771844 | -122.30133584851 |
| 1518826169980 | 47.604191386986 | -122.30135559132 |
| 1518826316288 | 47.603170256004 | -122.30113831681 |
| 1518826347386 | 47.603170256004 | -122.30113831681 |
| 1518826351500 |  47.60212767685 | -122.30131842432 |
| 1518826505215 | 47.601690463815 | -122.30345130158 |
| 1518826539353 | 47.601688663392 | -122.30648239545 |
| 1518826574082 | 47.601766506498 | -122.31029962832 |
| 1518826590504 |  47.60180934424 | -122.31307814726 |
| 1518826618260 | 47.601435981483 |  -122.3169287436 |
| 1518826763266 | 47.600003700197 | -122.31729291436 |
| 1518826805188 | 47.598906237322 | -122.31752438937 |
| 1518826807403 | 47.598260113582 | -122.31724707768 |
| 1518826820462 |  47.59734011458 | -122.31727939969 |
| 1518826900221 | 47.591306967823 |  -122.3173338508 |
| 1518826910715 | 47.590316744305 | -122.31728223889 |
| 1518826918987 |  47.58938414978 | -122.31730704261 |
| 1518826952950 |  47.58842915195 | -122.31599412961 |
| 1518826958195 |  47.58842915195 | -122.31599412961 |
| 1518827129454 | 47.587605426926 | -122.31524751963 |
| 1518827143880 | 47.588590135335 | -122.31618898786 |
| 1518827547058 | 47.588590135335 | -122.31618898786 |
| 1518828008300 | 47.587801294762 | -122.31554256775 |
| 1518828146654 | 47.587801294762 | -122.31554256775 |
| 1518828326052 | 47.586074045998 | -122.31469739359 |
| 1518828347510 | 47.584641884388 | -122.31466065433 |
| 1518828383370 | 47.583626429016 | -122.31477532955 |
| 1518828398380 | 47.582474839318 | -122.31468232113 |
| 1518828422558 | 47.581122968475 | -122.31382243925 |
| 1518828466119 | 47.580202700953 | -122.31309528947 |
| 1518828562159 |  47.57896848476 | -122.31310818425 |
| 1518828594228 | 47.577685127171 | -122.31335749195 |
| 1518828613218 | 47.575844522878 | -122.31376594155 |
| 1518828633653 | 47.573196483729 | -122.31340536975 |
| 1518828658569 | 47.572090161137 | -122.31345398793 |
| 1518828725286 | 47.572262576209 | -122.31486882563 |
| 1518828768216 | 47.572262576209 | -122.31486882563 |
| 1518828768306 | 47.572975843258 | -122.31600523006 |
| 1518828769014 | 47.573532736905 | -122.31726989161 |
| 1518828769016 | 47.572296797145 | -122.31489286986 |
| 1518828769017 | 47.573009873785 | -122.31903403077 |
| 1518828769036 | 47.572390912145 | -122.32000683446 |
| 1518828769036 | 47.571494609842 | -122.32162069316 |
| 1518828771317 | 47.571143726863 | -122.32131667447 |
| 1518828771318 | 47.568995788895 | -122.32119510293 |
| 1518828774067 | 47.568709119267 | -122.32091937226 |
| 1518828775216 | 47.567737447142 | -122.32088911358 |
| 1518828775286 | 47.566055261645 | -122.32088911358 |
| 1518828775304 | 47.565743811473 | -122.32131768029 |
| 1518828775305 | 47.563348724551 | -122.32174348098 |
| 1518828791715 | 47.560855722465 | -122.32236726827 |
| 1518828791798 | 47.560187531679 | -122.32213877153 |
| 1518828794529 | 47.558316865309 | -122.32180297991 |
| 1518828800254 | 47.557213716253 | -122.32093253184 |
| 1518828808325 | 47.555752079978 | -122.31981597852 |
| 1518828812104 | 47.554886858023 | -122.31918976654 |
| 1518828817160 | 47.553917700469 | -122.31863413017 |
| 1518828822170 | 47.552929608583 |  -122.3180589135 |
| 1518828827125 | 47.551931498737 | -122.31740618032 |
| 1518828832188 | 47.551034241959 | -122.31651107792 |
| 1518828836200 | 47.550370438159 | -122.31556062574 |
| 1518828840217 | 47.549744644537 | -122.31447594644 |
| 1518828844255 | 47.549119750273 | -122.31339369176 |
| 1518828848347 | 47.548506282295 | -122.31232201468 |
| 1518828852289 | 47.547886759541 | -122.31125552189 |
| 1518828856117 | 47.547259289454 |  -122.3102517105 |
| 1518828860103 | 47.546561708611 | -122.30933459751 |
| 1518828864396 | 47.545801304204 | -122.30844515894 |
| 1518828868330 | 47.544967761436 |  -122.3076018787 |
| 1518828872298 | 47.544122150204 | -122.30677204593 |
| 1518828876201 | 47.543284760279 | -122.30595649324 |
| 1518828880146 |    47.542424157 |  -122.3051259188 |
| 1518828884612 | 47.541541706055 | -122.30425844949 |
| 1518828888089 | 47.540682103758 | -122.30334969449 |
| 1518828892622 |  47.53985173539 | -122.30244507093 |
| 1518828896085 | 47.539050048261 | -122.30152733635 |
| 1518828919322 | 47.538284612864 | -122.30061228398 |
| 1518828919405 |  47.53753698901 | -122.29970787663 |
| 1518828919416 | 47.536784210287 | -122.29879491974 |
| 1518828919417 | 47.536001298621 |  -122.2978685518 |
| 1518828919417 | 47.535134304948 | -122.29708213625 |
| 1518828921252 | 47.534134959252 | -122.29650100807 |
| 1518828924297 | 47.533112454732 | -122.29600836049 |
| 1518828929519 | 47.532073455304 | -122.29549715267 |
| 1518828932126 | 47.531089844877 | -122.29499696262 |
| 1518828936284 | 47.530124999406 | -122.29452521485 |
| 1518828940106 | 47.529130484953 |  -122.2940355913 |
| 1518828944080 | 47.528189616322 | -122.29357869376 |
| 1518828953585 | 47.526196127303 |  -122.2925661394 |
| 1518828955102 | 47.525848173581 | -122.29245518346 |
| 1518828961988 | 47.524802112065 | -122.29205444467 |
| 1518828965100 |  47.52371955414 | -122.29169457421 |
| 1518828980602 | 47.522643710255 | -122.29133106998 |
| 1518828980801 | 47.521587644609 | -122.29093249178 |
| 1518828980802 | 47.520583297267 | -122.29046861874 |
| 1518828985191 | 47.519607846669 | -122.28999274794 |
| 1518828993019 | 47.518290714405 | -122.28936460812 |
| 1518828996197 |  47.51732032638 | -122.28887826449 |
| 1518829002818 | 47.516299634543 | -122.28826810103 |
| 1518829006354 | 47.515282098237 | -122.28757147635 |
| 1518829011117 |   47.5143326645 | -122.28684882043 |
| 1518829016131 | 47.513401210658 | -122.28616565958 |
| 1518829021093 | 47.512510335064 | -122.28548496061 |
| 1518829026127 | 47.511630020888 | -122.28480246199 |
| 1518829031086 | 47.510763094805 | -122.28420001466 |
| 1518829036127 | 47.509882366329 | -122.28362702776 |
| 1518829042413 | 47.508968529336 | -122.28307600145 |
| 1518829058955 |  47.50758387313 |   -122.282548697 |
| 1518829060137 | 47.507932777561 | -122.28253872145 |
| 1518829074110 | 47.507874725095 | -122.28114768898 |
| 1518829086664 |  47.50788119368 | -122.27877968382 |
| 1518829169237 | 47.507309666879 | -122.27640811365 |
| 1518829169293 | 47.506970280724 | -122.27482933379 |
| 1518829171293 | 47.507318425968 | -122.27350269456 |
| 1518829188380 | 47.508742637045 | -122.27241220895 |
| 1518829199358 |   47.5098655052 | -122.27175907955 |
| 1518829228582 | 47.509448230258 | -122.27036689806 |
| 1518829277186 | 47.508468683742 | -122.27009815791 |
| 1518829287142 | 47.507568165209 | -122.27011533978 |
| 1518829327152 | 47.506661729037 | -122.27013509594 |
| 1518829346655 | 47.506661729037 | -122.27013509594 |
| 1518829354345 | 47.506104564607 | -122.26897870234 |
| 1518829361330 | 47.506097832165 | -122.26758244879 |
| 1518829369093 | 47.506089628607 | -122.26611687758 |
| 1518829377436 | 47.506119131706 | -122.26478879295 |
| 1518829386125 | 47.506121789502 | -122.26328535571 |
| 1518829395151 | 47.506115527399 | -122.26180993299 |
| 1518829403137 | 47.506112908089 | -122.26047062755 |
| 1518829411184 | 47.506120602508 | -122.25903002725 |
| 1518829419417 | 47.506152162099 | -122.25760983115 |
| 1518829426257 | 47.506164154082 | -122.25613337953 |
| 1518829452129 | 47.506240930666 | -122.25480649738 |
| 1518829467259 | 47.505620578326 | -122.25377479412 |
| 1518829475149 | 47.504892544516 | -122.25297381733 |
| 1518829483113 | 47.504116538956 |  -122.2521518917 |
| 1518829491194 | 47.503300854049 | -122.25128176633 |
| 1518829503304 | 47.502378551334 | -122.25045505922 |
| 1518829506286 | 47.501392927274 | -122.25028012334 |
| 1518829512131 | 47.500545220175 | -122.24973465322 |
| 1518829519226 | 47.499718339777 | -122.24906665179 |
| 1518829541581 | 47.500447109751 | -122.24816101427 |
| 1518829552204 | 47.501341500364 | -122.24785172392 |
| 1518829946573 | 47.501341500364 | -122.24785172392 |
| 1518829946573 | 47.501341500364 | -122.24785172392 |
| 1518830547481 | 47.501341500364 | -122.24785172392 |
| 1518830547481 | 47.501341500364 | -122.24785172392 |
| 1518831146798 | 47.501341500364 | -122.24785172392 |
| 1518831146798 | 47.501341500364 | -122.24785172392 |
| 1518831746604 | 47.501341500364 | -122.24785172392 |
| 1518832346653 | 47.501341500364 | -122.24785172392 |
| 1518832346653 | 47.501341500364 | -122.24785172392 |
| 1518832946491 | 47.501341500364 | -122.24785172392 |
| 1518832946491 | 47.501341500364 | -122.24785172392 |
| 1518833546552 | 47.501341500364 | -122.24785172392 |
| 1518834148179 | 47.501341500364 | -122.24785172392 |
| 1518834746633 | 47.501341500364 | -122.24785172392 |
| 1518835234547 |      47.5040179 |    -122.25321304 |
| 1518835234554 | 47.501604874824 | -122.24727128142 |
| 1518835834999 | 47.501604874824 | -122.24727128142 |
| 1518836433174 | 47.501604874824 | -122.24727128142 |
| 1518837033255 | 47.501604874824 | -122.24727128142 |
| 1518837633067 | 47.501604874824 | -122.24727128142 |
| 1518865182981 |      47.5037705 |    -122.25363551 |
| 1518865183482 | 47.501531627105 |  -122.2467542615 |
| 1518865184074 | 47.501531627105 |  -122.2467542615 |
| 1518865771679 | 47.501531627105 |  -122.2467542615 |
| 1518866371673 | 47.501531627105 |  -122.2467542615 |
| 1518866971633 | 47.501531627105 |  -122.2467542615 |
| 1518867571575 | 47.501531627105 |  -122.2467542615 |
| 1518868171559 | 47.501531627105 |  -122.2467542615 |
| 1518868771576 | 47.501531627105 |  -122.2467542615 |
| 1518869371600 | 47.501531627105 |  -122.2467542615 |
| 1518869971544 | 47.501531627105 |  -122.2467542615 |
| 1518870571529 | 47.501531627105 |  -122.2467542615 |
| 1518871171517 | 47.501531627105 |  -122.2467542615 |
| 1518871771520 | 47.501531627105 |  -122.2467542615 |
| 1518872371442 | 47.501531627105 |  -122.2467542615 |
| 1518872971517 | 47.501531627105 |  -122.2467542615 |
| 1518873571520 | 47.501531627105 |  -122.2467542615 |
| 1518874171492 | 47.501531627105 |  -122.2467542615 |
| 1518874771468 | 47.501531627105 |  -122.2467542615 |
| 1518875371443 | 47.501531627105 |  -122.2467542615 |
| 1518875971389 | 47.501531627105 |  -122.2467542615 |
| 1518876571395 | 47.501531627105 |  -122.2467542615 |
| 1518877171443 | 47.501531627105 |  -122.2467542615 |
| 1518877771433 | 47.501531627105 |  -122.2467542615 |
| 1518878371335 | 47.501531627105 |  -122.2467542615 |
| 1518878971351 | 47.501531627105 |  -122.2467542615 |
| 1518879571342 | 47.501531627105 |  -122.2467542615 |
| 1518880171335 | 47.501531627105 |  -122.2467542615 |
| 1518880771329 | 47.501531627105 |  -122.2467542615 |
| 1518881371308 | 47.501531627105 |  -122.2467542615 |
| 1518881971295 | 47.501531627105 |  -122.2467542615 |
| 1518882571268 | 47.501531627105 |  -122.2467542615 |
| 1518883171292 | 47.501531627105 |  -122.2467542615 |
| 1518883771249 | 47.501531627105 |  -122.2467542615 |
| 1518884371290 | 47.501531627105 |  -122.2467542615 |
| 1518884971302 | 47.501531627105 |  -122.2467542615 |
| 1518885571210 | 47.501531627105 |  -122.2467542615 |
| 1518886171178 | 47.501531627105 |  -122.2467542615 |
| 1518886771185 | 47.501531627105 |  -122.2467542615 |
| 1518887371187 | 47.501531627105 |  -122.2467542615 |
| 1518887971171 | 47.501531627105 |  -122.2467542615 |
| 1518888571147 | 47.501531627105 |  -122.2467542615 |
| 1518889171114 | 47.501531627105 |  -122.2467542615 |
| 1518889771088 | 47.501531627105 |  -122.2467542615 |
| 1518890371061 | 47.501531627105 |  -122.2467542615 |
| 1518890971121 | 47.501531627105 |  -122.2467542615 |
| 1518891571159 | 47.501531627105 |  -122.2467542615 |
| 1518892171103 | 47.501531627105 |  -122.2467542615 |
| 1518892771047 | 47.501531627105 |  -122.2467542615 |
| 1518893371025 | 47.501531627105 |  -122.2467542615 |
| 1518893970991 | 47.501531627105 |  -122.2467542615 |
| 1518894571024 | 47.501531627105 |  -122.2467542615 |
| 1518897570971 | 47.501531627105 |  -122.2467542615 |
| 1518898171004 | 47.501531627105 |  -122.2467542615 |
| 1518898171004 | 47.501531627105 |  -122.2467542615 |
| 1518898770990 | 47.501531627105 |  -122.2467542615 |
| 1518899370982 | 47.501531627105 |  -122.2467542615 |
| 1518899404065 | 47.501588676678 | -122.24698546451 |
| 1518899970930 | 47.501588676678 | -122.24698546451 |
| 1518899970930 | 47.501588676678 | -122.24698546451 |
| 1518900570958 | 47.501588676678 | -122.24698546451 |
| 1518901170925 | 47.501588676678 | -122.24698546451 |
| 1518901170925 | 47.501588676678 | -122.24698546451 |
| 1518901770867 | 47.501588676678 | -122.24698546451 |
| 1518902370905 | 47.501588676678 | -122.24698546451 |
| 1518902971202 | 47.501588676678 | -122.24698546451 |
| 1518903570843 | 47.501588676678 | -122.24698546451 |
| 1518904170870 | 47.501588676678 | -122.24698546451 |
| 1518904771425 | 47.501588676678 | -122.24698546451 |
| 1518905370886 | 47.501588676678 | -122.24698546451 |
| 1518905970795 | 47.501588676678 | -122.24698546451 |
| 1518906571163 | 47.501588676678 | -122.24698546451 |
| 1518906571163 | 47.501588676678 | -122.24698546451 |
| 1518907170788 | 47.501588676678 | -122.24698546451 |
| 1518907170788 | 47.501588676678 | -122.24698546451 |
| 1519085871399 | 47.494390915759 | -122.24069831005 |
| 1519085871404 | 47.494390915759 | -122.24069831005 |
| 1519085871405 | 47.494390915759 | -122.24069831005 |
| 1519085879805 |   47.4931920971 | -122.24039506759 |
| 1519085890664 | 47.492019918285 | -122.24026518302 |
| 1519085914471 | 47.490725518956 | -122.23935509462 |
| 1519085931678 | 47.489294908326 | -122.23675838642 |
| 1519085945979 | 47.488716635801 | -122.23558246793 |
| 1519085951867 | 47.487928203826 | -122.23402221747 |
| 1519085960309 | 47.486794525746 | -122.23139512478 |
| 1519085979747 | 47.484395664683 | -122.22764258213 |
| 1519086005386 | 47.483397008957 |  -122.2216900205 |
| 1519086033575 | 47.482789846855 | -122.21824549625 |
| 1519086138017 | 47.479683601619 | -122.21928904571 |
| 1519086166544 | 47.478756276802 | -122.21947216852 |
| 1519086217667 | 47.474076266719 | -122.21786068795 |
| 1519086227363 |  47.47358775466 | -122.21937447723 |
| 1519086266607 | 47.472652775322 | -122.21992382291 |
| 1519086305827 | 47.472689644646 | -122.21852095631 |
| 1519086360975 | 47.471886693274 |  -122.2191637502 |
| 1519086470122 | 47.471886693274 |  -122.2191637502 |
| 1519086770703 | 47.472686187396 | -122.21849704268 |
| 1519086904886 | 47.471695201372 | -122.21837002433 |
| 1519086982355 | 47.472592874977 | -122.21847943882 |
| 1519087019379 | 47.471663378735 | -122.21876594944 |
| 1519087057345 | 47.472667788752 | -122.21852526823 |
| 1519087070116 | 47.472667788752 | -122.21852526823 |
| 1519087107791 | 47.471729889445 | -122.21814414024 |
| 1519087166721 | 47.470267243009 | -122.21813261236 |
| 1519087206405 | 47.467791078134 | -122.21870592703 |
| 1519087220491 | 47.468375680519 | -122.21737494628 |
| 1519087240970 | 47.468773930734 | -122.21142495357 |
| 1519087280450 | 47.474064188378 | -122.20440951579 |
| 1519087300985 | 47.475369709585 | -122.20400267467 |
| 1519087307126 | 47.477633529149 | -122.20342591065 |
| 1519087314366 | 47.478578885838 | -122.20454013417 |
| 1519087320065 |  47.47951454517 | -122.20335822315 |
| 1519087320641 | 47.480461887366 | -122.20073182661 |
| 1519087326461 | 47.480559050447 | -122.20216862092 |
| 1519087333346 | 47.480565849062 | -122.20077975287 |
| 1519087367238 | 47.483004373239 | -122.19820816484 |
| 1519087373630 | 47.483831054372 | -122.19677486202 |
| 1519087401597 | 47.484506974511 | -122.19508619703 |
| 1519087407976 | 47.487261158989 | -122.19368956384 |
| 1519087426164 | 47.488347087343 | -122.19338771262 |
| 1519087438966 | 47.492935415402 | -122.19164134015 |
| 1519087445117 | 47.493889443621 | -122.19220862735 |
| 1519087455380 | 47.495553581435 | -122.19330591649 |
| 1519087458137 | 47.495949254415 | -122.19349650677 |
| 1519087465677 | 47.497187661616 | -122.19419077464 |
| 1519087473565 | 47.498434865891 | -122.19497834344 |
| 1519087482290 | 47.499725897997 |  -122.1958958765 |
| 1519087486807 |  47.50056709633 |  -122.1963822284 |
| 1519087491296 | 47.501502726271 | -122.19659127306 |
| 1519087498975 | 47.502862128856 | -122.19709374722 |
| 1519087503084 | 47.504039090171 | -122.19729996298 |
| 1519087511617 | 47.506139391108 | -122.19784027072 |
| 1519087517094 | 47.507111057683 | -122.19781335455 |
| 1519087531982 | 47.510183067105 | -122.19820110139 |
| 1519087535227 | 47.511109183587 | -122.19815852132 |
| 1519087541214 | 47.512490533252 | -122.19821718888 |
| 1519087545197 | 47.513495218053 | -122.19820294541 |
| 1519087552849 | 47.514614304522 | -122.19830170502 |
| 1519087554108 | 47.515516262546 | -122.19835239474 |
| 1519087569756 | 47.518867868226 | -122.19853162497 |
| 1519087582194 | 47.520766999776 | -122.19843567746 |
| 1519087597069 | 47.521930673516 | -122.19829516994 |
| 1519087597305 | 47.522977015085 | -122.19816764033 |
| 1519087633026 | 47.523921659911 | -122.19807845117 |
| 1519087662209 | 47.527119466822 | -122.19823239907 |
| 1519087669893 | 47.527119466822 | -122.19823239907 |
| 1519087692315 | 47.531484915886 | -122.19729966407 |
| 1519087711893 | 47.534054801899 | -122.19610344018 |
| 1519087741066 | 47.536963932342 | -122.19459181215 |
| 1519087760315 | 47.539384179757 | -122.19474487699 |
| 1519087774343 |  47.54130379829 | -122.19534004474 |
| 1519087794506 | 47.542536237573 | -122.19577795429 |
| 1519087812400 |  47.54351970064 | -122.19610703397 |
| 1519087813526 | 47.545933814052 | -122.19550735368 |
| 1519087862796 | 47.554425663247 | -122.19120471127 |
| 1519087897239 | 47.556381348748 | -122.19021456798 |
| 1519087911672 | 47.566652822204 | -122.18197397409 |
| 1519087917640 | 47.567463839831 | -122.18132885168 |
| 1519087929408 | 47.569307827397 | -122.17985753967 |
| 1519087931051 | 47.571241114586 |  -122.1773905534 |
| 1519087955327 | 47.572073077286 | -122.17653034718 |
| 1519087977988 | 47.584245850839 | -122.17688550581 |
| 1519088000193 |  47.58511953642 | -122.17791028906 |
| 1519088009889 | 47.584783259736 |   -122.177515856 |
| 1519088032660 | 47.592669676976 | -122.18048408547 |
| 1519088058757 | 47.591497669795 | -122.18003777016 |
| 1519088090444 | 47.588904735266 | -122.17904960123 |
| 1519088093300 | 47.609524964399 | -122.18827500019 |
| 1519088094193 | 47.610605056442 | -122.18846032407 |
| 1519088100452 | 47.611999418674 | -122.18888972526 |
| 1519088105120 |  47.61297017806 | -122.18830157083 |
| 1519088117083 | 47.613872223737 | -122.18899254159 |
| 1519088118200 | 47.615460525311 | -122.18850709509 |
| 1519088122062 | 47.616425450004 |  -122.1884133016 |
| 1519088128144 | 47.617336353331 | -122.18843149033 |
| 1519088133164 | 47.618327261924 | -122.18847943481 |
| 1519088146265 | 47.618212640695 | -122.18994106185 |
| 1519088149208 | 47.619655660237 | -122.18907816914 |
| 1519088159057 | 47.621599598338 | -122.18854702736 |
| 1519088173320 | 47.624328561257 | -122.18830544775 |
| 1519088187675 |  47.62590014681 | -122.18857086479 |
| 1519088201179 | 47.627351495235 | -122.18903498465 |
| 1519088207083 |  47.62936136355 | -122.18855260761 |
| 1519088219893 |  47.63127692958 | -122.18851288723 |
| 1519088226976 | 47.632220203285 | -122.18847848706 |
| 1519088244904 | 47.629463427296 | -122.18861219048 |
| 1519088269848 | 47.629463427296 | -122.18861219048 |
| 1519088273515 | 47.630437523666 | -122.17344488433 |
| 1519088283619 | 47.631199355752 |  -122.1618353793 |
| 1519088285602 | 47.631336388587 | -122.15974714674 |
| 1519088288559 | 47.631529909296 | -122.15679810059 |
| 1519088293870 | 47.631861358454 | -122.15174714639 |
| 1519088310628 | 47.629184219278 |  -122.1598355878 |
| 1519088316917 |  47.62948327546 | -122.15677635763 |
| 1519088323114 | 47.629755318155 | -122.15501039253 |
| 1519088336012 | 47.630753797131 | -122.15208174784 |
| 1519088355388 | 47.632777135312 | -122.14786464232 |
| 1519088361727 | 47.633247171764 | -122.14572172429 |
| 1519088389646 | 47.632713259562 | -122.14379768934 |
| 1519088411135 | 47.631412488564 | -122.14255927686 |
| 1519088442228 | 47.631644488135 | -122.14073036009 |
| 1519088480593 | 47.631537058994 | -122.14238436316 |
| 1519088515088 | 47.632432105599 | -122.14294513052 |
| 1519088522210 | 47.633419004499 | -122.14297879175 |
| 1519088528229 | 47.634317678353 | -122.14305469239 |
| 1519088535063 | 47.635302669413 | -122.14297743526 |
| 1519088548052 | 47.636998980604 | -122.14284314706 |
| 1519088564396 | 47.638673124893 | -122.14347059384 |
| 1519088583897 | 47.639992952831 | -122.14318905725 |
| 1519088614856 | 47.641103638855 | -122.14186014409 |
| 1519088656796 | 47.640434090811 |   -122.139163243 |
| 1519088790750 | 47.640428399137 | -122.13913749916 |
| 1519088869837 | 47.640428399137 | -122.13913749916 |
| 1519089052006 | 47.640433409729 |  -122.1391429483 |
| 1519089093570 | 47.640434238016 | -122.13914335772 |
| 1519089842872 | 47.640428399137 | -122.13913749916 |
| 1519089842887 | 47.640428340371 | -122.13914041829 |
| 1519089842897 | 47.640428340371 | -122.13914041829 |
| 1519090100443 | 47.640423603573 |  -122.1391424004 |
| 1519090441890 | 47.640423603573 |  -122.1391424004 |
| 1519090611282 |  47.64007003019 | -122.13762768851 |
| 1519091041880 |  47.64007003019 | -122.13762768851 |
| 1519091641884 |  47.64007003019 | -122.13762768851 |
| 1519092241807 |  47.64007003019 | -122.13762768851 |
| 1519092841786 |  47.64007003019 | -122.13762768851 |
| 1519093441750 |  47.64007003019 | -122.13762768851 |
| 1519094041726 |  47.64007003019 | -122.13762768851 |
| 1519094641801 |  47.64007003019 | -122.13762768851 |
| 1519095241733 |  47.64007003019 | -122.13762768851 |
| 1519095542283 |  47.64008064831 | -122.13756950767 |
| 1519095841763 |  47.64008064831 | -122.13756950767 |
| 1519096441748 |  47.64008064831 | -122.13756950767 |
| 1519097041678 |  47.64008064831 | -122.13756950767 |
| 1519097641701 |  47.64008064831 | -122.13756950767 |
| 1519098241692 |  47.64008064831 | -122.13756950767 |
| 1519098841723 |  47.64008064831 | -122.13756950767 |
| 1519099441661 |  47.64008064831 | -122.13756950767 |
| 1519100041645 |  47.64008064831 | -122.13756950767 |
| 1519100641624 |  47.64008064831 | -122.13756950767 |
| 1519101241594 |  47.64008064831 | -122.13756950767 |
| 1519101519942 | 47.640357388261 | -122.13895629119 |
| 1519101539312 | 47.641093718067 | -122.14078768653 |
| 1519101560718 | 47.641352673806 | -122.14233734882 |
| 1519101580121 | 47.641345460189 | -122.14378713977 |
| 1519101589682 | 47.641280354755 |  -122.1428121403 |
| 1519101597680 |  47.63963992208 | -122.14308232543 |
| 1519101664151 | 47.637228064982 | -122.14299224261 |
| 1519101682307 | 47.635647767076 | -122.14000311999 |
| 1519101759195 | 47.629822078205 |  -122.1595351306 |
| 1519101762782 | 47.629820359915 | -122.15998004202 |
| 1519101762787 | 47.630001033359 | -122.16162024933 |
| 1519101762807 | 47.630139434069 | -122.16302674487 |
| 1519101762899 | 47.630257901159 | -122.16440614317 |
| 1519101762905 | 47.630192306868 | -122.16580990713 |
| 1519101769153 | 47.630083522206 | -122.16849714721 |
| 1519101771053 | 47.630052370995 | -122.17020495806 |
| 1519101775179 | 47.630373775072 | -122.17183004145 |
| 1519101782367 | 47.630761611186 | -122.17403917271 |
| 1519101788967 | 47.631162721826 | -122.17544297421 |
| 1519101799540 | 47.632037571768 | -122.17653069758 |
| 1519101801248 | 47.632181295421 | -122.17906253233 |
| 1519101802350 | 47.632221523717 | -122.18153117236 |
| 1519101819301 |  47.63208840428 | -122.18552390594 |
| 1519101819724 | 47.632186152085 | -122.18686860066 |
| 1519101831615 |  47.63322194577 | -122.18954066757 |
| 1519101841803 |  47.63322194577 | -122.18954066757 |
| 1519101848114 | 47.633196758151 | -122.18812588614 |
| 1519101860441 | 47.631573335559 | -122.18817462103 |
| 1519101862296 | 47.630775435872 | -122.18848672707 |
| 1519101874102 |  47.62911840443 | -122.18880729592 |
| 1519101894369 | 47.627500500574 | -122.18903364625 |
| 1519101894760 | 47.626576018564 | -122.18894471426 |
| 1519101894778 |  47.62418889445 | -122.18894739647 |
| 1519101894808 | 47.623256365813 | -122.18894680973 |
| 1519101897194 | 47.622228912122 | -122.18895058159 |
| 1519101901844 | 47.621213276915 |  -122.1889308003 |
| 1519101905697 | 47.620235066905 |  -122.1889339016 |
| 1519101916667 | 47.617626733044 | -122.18904508597 |
| 1519101920781 | 47.616724878538 | -122.18968285553 |
| 1519101930766 | 47.614925748779 | -122.19035402425 |
| 1519101932006 | 47.614214124095 | -122.18946103388 |
| 1519101945148 | 47.611128755772 | -122.18860817914 |
| 1519101956532 | 47.609756329041 | -122.18828262408 |
| 1519101962121 | 47.608698788971 | -122.18803176368 |
| 1519101978361 | 47.603633920782 | -122.18531453638 |
| 1519102103020 | 47.577610411126 |  -122.1751046722 |
| 1519102108617 | 47.574445222124 | -122.17534529176 |
| 1519102122568 | 47.573701539856 | -122.17614995236 |
| 1519102137398 | 47.569326281326 | -122.18007629369 |
| 1519102160112 | 47.566711381826 | -122.18207250124 |
| 1519102161830 | 47.566465912085 | -122.18223912705 |
| 1519102161833 | 47.565940618559 | -122.18400668364 |
| 1519102163022 | 47.564433486889 | -122.18719462023 |
| 1519102165110 | 47.563476674303 | -122.18677514244 |
| 1519102178073 | 47.560481689563 | -122.18736651974 |
| 1519102180128 |  47.56000912287 | -122.18795564968 |
| 1519102193268 | 47.557147465686 |  -122.1899983597 |
| 1519102195119 | 47.556671155661 | -122.19033778656 |
| 1519102198109 | 47.555821482136 | -122.19088210736 |
| 1519102211503 | 47.553383818471 | -122.19255828751 |
| 1519102211855 | 47.566591268084 | -122.18274255073 |
| 1519102220332 | 47.552485358946 | -122.19332400721 |
| 1519102220345 | 47.551679522775 | -122.19413051393 |
| 1519102227137 | 47.549616278443 | -122.19568242597 |
| 1519102235419 | 47.548649056845 | -122.19537916637 |
| 1519102279200 |  47.53674437895 | -122.19448563512 |
| 1519102288321 | 47.535719452441 |  -122.1950398209 |
| 1519102302598 | 47.532127248568 | -122.19555419485 |
| 1519102308591 | 47.531222551662 | -122.19553211136 |
| 1519102322039 | 47.527975097586 | -122.19720997845 |
| 1519102323203 | 47.527052358274 | -122.19776703955 |
| 1519102328391 | 47.524722718472 | -122.19801850748 |
| 1519102341265 | 47.522860149529 |    -122.19818006 |
| 1519102368902 | 47.514972451568 | -122.19837509455 |
| 1519102379012 | 47.514010217951 | -122.19828738244 |
| 1519102408601 | 47.506082916767 | -122.19767795026 |
| 1519102441641 | 47.506082916767 | -122.19767795026 |
| 1519102450211 | 47.500850277473 | -122.20074027468 |
| 1519102478003 |  47.49992464836 | -122.20223702154 |
| 1519102521015 | 47.498525709023 | -122.20429432663 |
| 1519102527444 | 47.495940018047 | -122.20674554603 |
| 1519102592856 | 47.488356268884 | -122.20691379567 |
| 1519102602132 | 47.487382531646 |  -122.2078822947 |
| 1519102635065 |  47.48494787062 |  -122.2131235802 |
| 1519102641429 | 47.484793344049 | -122.21527289055 |
| 1519102776910 | 47.483305740214 | -122.22316869546 |
| 1519102782785 | 47.482784610645 |  -122.2249585834 |
| 1519102788105 |  47.48355019842 | -122.22584872518 |
| 1519102797691 | 47.484275360023 | -122.22760291402 |
| 1519102802929 | 47.485155584335 | -122.22847276379 |
| 1519102809893 | 47.484296766531 | -122.22759041868 |
| 1519102822258 | 47.485608086168 | -122.23006240561 |
| 1519102828131 | 47.486845218597 | -122.23239454121 |
| 1519102853912 |  47.48621061342 | -122.23119823814 |
| 1519102856446 |  47.48999019335 | -122.23831023616 |
| 1519102917067 | 47.492142769351 | -122.23994912703 |
| 1519102917277 | 47.492998712798 | -122.24060279533 |
| 1519102917293 | 47.495765648826 |  -122.2414977384 |
| 1519102927632 | 47.499002614103 | -122.24251412798 |
| 1519102927641 |  47.49648728878 | -122.24232167948 |
| 1519102941887 | 47.497360054448 | -122.24165858712 |
| 1519102949544 | 47.498382730454 | -122.24178657878 |
| 1519102964904 | 47.499322477005 | -122.24156460276 |
| 1519102982054 | 47.499707574069 | -122.24351333552 |
| 1519102984614 | 47.499557743983 | -122.24370159469 |
| 1519103011731 | 47.500468523497 | -122.24570306773 |
| 1519103040614 | 47.501569124849 | -122.24647090585 |
| 1519103041575 | 47.501569124849 | -122.24647090585 |
| 1519103641586 | 47.501569124849 | -122.24647090585 |
| 1519104241800 | 47.501569124849 | -122.24647090585 |
| 1519104841595 | 47.501569124849 | -122.24647090585 |
| 1519105441495 | 47.501569124849 | -122.24647090585 |
| 1519106041517 | 47.501569124849 | -122.24647090585 |
| 1519106641494 | 47.501569124849 | -122.24647090585 |
| 1519107241460 | 47.501569124849 | -122.24647090585 |
| 1519107841453 | 47.501569124849 | -122.24647090585 |
| 1519108441450 | 47.501569124849 | -122.24647090585 |
| 1519108441450 | 47.501569124849 | -122.24647090585 |
| 1519108441450 | 47.501569124849 | -122.24647090585 |
| 1519109041434 | 47.501569124849 | -122.24647090585 |
| 1519109645074 | 47.501569124849 | -122.24647090585 |
| 1519109645074 | 47.501569124849 | -122.24647090585 |
| 1519110241415 | 47.501569124849 | -122.24647090585 |
| 1519110241415 | 47.501569124849 | -122.24647090585 |
| 1519110841446 | 47.501569124849 | -122.24647090585 |
| 1519150381755 | 47.497346136992 | -122.24166291831 |
| 1519150381756 | 47.497346136992 | -122.24166291831 |
| 1519150388448 | 47.496389511689 | -122.24257506408 |
| 1519150417130 | 47.494870175114 |   -122.241129679 |
| 1519150436542 |  47.49235277974 | -122.24051445174 |
| 1519150461829 | 47.491461766669 | -122.23990791696 |
| 1519150471317 | 47.490275085931 | -122.23858532619 |
| 1519150490640 | 47.488520133265 | -122.23557342372 |
| 1519150524536 | 47.486064246358 | -122.22997623351 |
| 1519150588907 | 47.484787666926 | -122.21790984906 |
| 1519150654253 | 47.484893303208 | -122.21427663137 |
| 1519150664322 | 47.484952654748 |  -122.2125676659 |
| 1519150670616 | 47.484881677434 | -122.20999337325 |
| 1519150709040 |   47.4855879229 | -122.20903596852 |
| 1519150713802 | 47.487674770849 | -122.20777468925 |
| 1519150745778 | 47.488603667683 | -122.20781318843 |
| 1519150746671 | 47.489666943961 | -122.20740770839 |
| 1519150758498 | 47.491542720337 | -122.20724942694 |
| 1519150804114 | 47.492533461235 | -122.20721072529 |
| 1519150808176 | 47.491543245781 | -122.20740138933 |
| 1519150818216 | 47.495902197691 | -122.20676231532 |
| 1519150859635 |  47.49791872809 | -122.20579603024 |
| 1519150899338 | 47.499642453503 |  -122.2026308029 |
| 1519150969003 | 47.500237938992 | -122.20152678911 |
| 1519150987297 | 47.500237938992 | -122.20152678911 |
| 1519151002202 | 47.501003485874 | -122.20065943973 |
| 1519151010181 | 47.501772361692 | -122.19963034757 |
| 1519151016716 | 47.502297330692 |  -122.1984997486 |
| 1519151024117 |  47.50259438534 | -122.19719133351 |
| 1519151062082 | 47.503821552524 | -122.19553189654 |
| 1519151068502 | 47.504624672228 | -122.19676827902 |
| 1519151076450 | 47.505944630648 | -122.19742717874 |
| 1519151095306 | 47.507112236177 | -122.19830373972 |
| 1519151121331 | 47.508083107102 | -122.19830815017 |
| 1519151148581 | 47.509897453755 | -122.19808006671 |
| 1519151153153 | 47.510860982245 | -122.19807561068 |
| 1519151158350 | 47.511846874885 | -122.19808300037 |
| 1519151163076 | 47.512926003009 | -122.19815449801 |
| 1519151171829 | 47.514631311137 | -122.19821808622 |
| 1519151179543 | 47.516453463906 | -122.19838281866 |
| 1519151185976 | 47.517363291396 |  -122.1985187617 |
| 1519151200078 | 47.522769274421 | -122.19820080772 |
| 1519151205967 | 47.523926757037 | -122.19810262372 |
| 1519151235113 | 47.529464581251 |  -122.1975198997 |
| 1519151235254 | 47.530709208092 | -122.19740267088 |
| 1519151241090 | 47.532530944268 | -122.19723071464 |
| 1519151260830 | 47.537760352053 | -122.19478620194 |
| 1519151282725 | 47.541358329273 | -122.19539330683 |
| 1519151303231 | 47.545619123091 | -122.19546077241 |
| 1519151316941 |  47.55000746378 | -122.19548965313 |
| 1519151324198 | 47.548001852538 | -122.19546602433 |
| 1519151335364 | 47.550363618843 | -122.19385321566 |
| 1519151351278 | 47.552581532566 | -122.19252059659 |
| 1519151394075 | 47.553680115362 | -122.19189367139 |
| 1519151398523 | 47.553081184901 | -122.19224269576 |
| 1519151580365 | 47.553081184901 | -122.19224269576 |
| 1519151602130 | 47.611128840894 | -122.18862499382 |
| 1519151616626 | 47.614691326742 | -122.18843568308 |
| 1519151630946 |  47.61609743744 | -122.18952989926 |
| 1519151650323 | 47.619974696885 | -122.18907406118 |
| 1519151669865 | 47.623700432505 | -122.18864909043 |
| 1519151704056 | 47.628836995909 | -122.18859061707 |
| 1519151738490 | 47.631317104648 | -122.18319232154 |
| 1519151740177 |  47.63234889966 | -122.18187613289 |
| 1519151744812 | 47.632736755608 | -122.17924834024 |
| 1519151751226 | 47.630822829904 |  -122.1786198266 |
| 1519151823802 | 47.629832974679 | -122.16033484798 |
| 1519151825439 | 47.629252954291 | -122.15744145992 |
| 1519151830474 | 47.629069257572 | -122.15514435444 |
| 1519151834113 | 47.629520916424 | -122.15382915002 |
| 1519151846627 |  47.62863944448 | -122.15331200255 |
| 1519151860141 |  47.63183051776 | -122.14784010237 |
| 1519151948011 |  47.63653084294 | -122.14313631915 |
| 1519151970079 | 47.638055874131 | -122.14291526686 |
| 1519152012380 | 47.641441079224 | -122.14254381717 |
| 1519152036551 |  47.64042221915 | -122.13915659268 |
| 1519152169378 | 47.639358427837 | -122.14055268014 |
| 1519152175344 | 47.638198481876 | -122.14216828494 |
| 1519152180686 | 47.638198481876 | -122.14216828494 |
| 1519152188768 | 47.639577143595 | -122.14086724228 |
| 1519152214059 | 47.638709593416 | -122.14132775307 |
| 1519152242505 | 47.638591087354 | -122.14308822308 |
| 1519152276882 | 47.640032477632 | -122.14312913759 |
| 1519152341338 | 47.640493378668 | -122.14181505666 |
| 1519152420558 | 47.641090111541 | -122.14284565861 |
| 1519152446560 | 47.640267430022 | -122.14198740007 |
| 1519152467908 | 47.641187596285 | -122.14163419872 |
| 1519152520592 | 47.640304989226 | -122.14100978349 |
| 1519152529538 | 47.641213209762 | -122.14205182956 |
| 1519152596036 | 47.641403972069 | -122.14350769787 |
| 1519152780406 | 47.641403972069 | -122.14350769787 |
| 1519152898467 | 47.640999274225 | -122.14222173405 |
| 1519153002255 |  47.64030485472 | -122.13903835435 |
| 1519153014594 | 47.639999752855 | -122.13767116772 |
| 1519153380320 | 47.639999752855 | -122.13767116772 |
| 1519153980547 | 47.639999752855 | -122.13767116772 |
| 1519154580274 | 47.639999752855 | -122.13767116772 |
| 1519155180302 | 47.639999752855 | -122.13767116772 |
| 1519155780422 | 47.639999752855 | -122.13767116772 |
| 1519156013850 | 47.640759209952 | -122.13679895176 |
| 1519156099021 | 47.640550629282 | -122.13780687506 |
| 1519156314789 | 47.643878412779 | -122.13646535932 |
| 1519156380247 | 47.643878412779 | -122.13646535932 |
| 1519156980222 | 47.643878412779 | -122.13646535932 |
| 1519157580448 | 47.643878412779 | -122.13646535932 |
| 1519158180221 | 47.643878412779 | -122.13646535932 |
| 1519158780215 | 47.643878412779 | -122.13646535932 |
| 1519159263167 | 47.640116584993 | -122.13755850079 |
| 1519159380278 | 47.640116584993 | -122.13755850079 |
| 1519159980190 | 47.640116584993 | -122.13755850079 |
| 1519160580174 | 47.640116584993 | -122.13755850079 |
| 1519160741127 | 47.640129057506 | -122.13757349876 |
| 1519161180438 | 47.640129057506 | -122.13757349876 |
| 1519161780205 | 47.640129057506 | -122.13757349876 |
| 1519162380181 | 47.640129057506 | -122.13757349876 |
| 1519162980217 | 47.640129057506 | -122.13757349876 |
| 1519163580114 | 47.640129057506 | -122.13757349876 |
| 1519164180124 | 47.640129057506 | -122.13757349876 |
| 1519164780184 | 47.640129057506 | -122.13757349876 |
| 1519165380136 | 47.640129057506 | -122.13757349876 |
| 1519165980043 | 47.640129057506 | -122.13757349876 |
| 1519166580232 | 47.640129057506 | -122.13757349876 |
| 1519166935320 | 47.640182915704 | -122.13768989643 |
| 1519167180030 | 47.640182915704 | -122.13768989643 |
| 1519167780015 | 47.640182915704 | -122.13768989643 |
| 1519168380155 | 47.640182915704 | -122.13768989643 |
| 1519168980022 | 47.640182915704 | -122.13768989643 |
| 1519169580000 | 47.640182915704 | -122.13768989643 |
| 1519170180162 | 47.640182915704 | -122.13768989643 |
| 1519170780012 | 47.640182915704 | -122.13768989643 |
| 1519171379946 | 47.640182915704 | -122.13768989643 |
| 1519171984070 | 47.640182915704 | -122.13768989643 |
| 1519172579914 | 47.640182915704 | -122.13768989643 |
| 1519172804245 | 47.641748077423 | -122.13737637502 |
| 1519173024881 | 47.641331604834 | -122.13648901557 |
| 1519173127580 | 47.641333838084 |  -122.1364806332 |
| 1519173163209 | 47.641345958988 | -122.13641871789 |
| 1519173179902 | 47.641345958988 | -122.13641871789 |
| 1519173213823 | 47.642162067543 |  -122.1370574654 |
| 1519173457033 | 47.641307172723 | -122.13639126065 |
| 1519173560108 | 47.641332725346 | -122.13647919881 |
| 1519173644802 | 47.642447026491 | -122.13698219519 |
| 1519173780273 | 47.642447026491 | -122.13698219519 |
| 1519174008716 | 47.641296623418 | -122.13638265516 |
| 1519174120211 | 47.641230218164 | -122.13633820102 |
| 1519174121526 | 47.641335694985 | -122.13644657666 |
| 1519174147945 | 47.640654912055 | -122.13751524653 |
| 1519174253784 | 47.641220867618 | -122.14128442859 |
| 1519174279052 | 47.641531411155 | -122.14295305935 |
| 1519174291356 | 47.640478750262 | -122.13932105324 |
| 1519174379858 | 47.640478750262 | -122.13932105324 |
| 1519174381581 | 47.641257317553 | -122.14106300885 |
| 1519174421062 |  47.63892365032 | -122.14159468134 |
| 1519174454862 | 47.641557035563 | -122.14291643426 |
| 1519174512183 | 47.639781465558 | -122.14318392064 |
| 1519174531019 | 47.637899991529 | -122.14330423884 |
| 1519174550163 | 47.635637925072 | -122.14108199956 |
| 1519174569427 | 47.634871701858 | -122.14014846908 |
| 1519174571729 | 47.633317816011 | -122.14409155721 |
| 1519174578325 | 47.632070834385 | -122.14739411133 |
| 1519174583984 | 47.631508543613 | -122.14898086081 |
| 1519174597842 | 47.630282418243 | -122.15231628412 |
| 1519174598983 | 47.631492745955 | -122.14909607317 |
| 1519174600391 |  47.62988884312 |  -122.1551740699 |
| 1519174663119 |  47.63141079368 | -122.17698476676 |
| 1519174757849 | 47.625794753261 | -122.18954741975 |
| 1519174776791 | 47.620674972371 |  -122.1885622832 |
| 1519174810912 | 47.612954027577 | -122.18970531392 |
| 1519174860752 | 47.604389505769 | -122.18585674344 |
| 1519174910677 | 47.596000228906 | -122.18156869669 |
| 1519174979834 | 47.596000228906 | -122.18156869669 |
| 1519175004770 | 47.582423539792 | -122.17518592052 |
| 1519175072454 | 47.574237766619 | -122.17571805726 |
| 1519175090979 | 47.572273711659 | -122.17584572934 |
| 1519175091061 | 47.573554924484 | -122.17576244672 |
| 1519175101391 | 47.569172797249 | -122.17877950071 |
| 1519175376273 | 47.523730081787 | -122.19812120596 |
| 1519175407104 | 47.509305007623 |  -122.1981786351 |
| 1519175422692 | 47.508361921608 | -122.19814079738 |
| 1519175431513 | 47.504885999063 | -122.19736140519 |
| 1519175443269 | 47.500335762289 | -122.19633054764 |
| 1519175454459 | 47.504512859291 | -122.19727235393 |
| 1519175467310 | 47.506504203944 | -122.19772043543 |
| 1519175478030 | 47.507852265039 | -122.19802378212 |
| 1519175484341 | 47.491402829754 | -122.19199435719 |
| 1519175501250 | 47.490357397853 | -122.19159759766 |
| 1519175502827 | 47.487608596378 | -122.19380008398 |
| 1519175518968 | 47.484275115245 | -122.19630305455 |
| 1519175527068 | 47.483183962567 | -122.19664813804 |
| 1519175533345 | 47.480537547833 | -122.20043449664 |
| 1519175565494 | 47.476535818658 | -122.20430539209 |
| 1519175580046 | 47.476535818658 | -122.20430539209 |
| 1519175614135 | 47.470868645374 | -122.20818348823 |
| 1519175614556 | 47.469679089001 |  -122.2089979887 |
| 1519175620586 | 47.468044656487 | -122.21011729388 |
| 1519175664222 | 47.469124932101 | -122.21694182911 |
| 1519175698559 | 47.470055158719 | -122.21796065311 |
| 1519175756594 | 47.470832737278 |  -122.2207333954 |
| 1519175808542 | 47.471680116942 | -122.21960161125 |
| 1519176108751 | 47.471726406179 | -122.21911833505 |
| 1519176179840 | 47.471726406179 | -122.21911833505 |
| 1519176578088 | 47.473151680985 | -122.21871397106 |
| 1519176603041 | 47.474060530766 | -122.21859151277 |
| 1519176682768 | 47.478865566267 | -122.21948336167 |
| 1519176780418 | 47.478865566267 | -122.21948336167 |
| 1519176794069 | 47.481593745945 | -122.21874611928 |
| 1519176808463 | 47.482661776917 | -122.21826889219 |
| 1519176832133 | 47.483680823834 | -122.21855577672 |
| 1519176894698 | 47.483170976249 | -122.22286605687 |
| 1519176929061 | 47.484447883681 | -122.22671441103 |
| 1519176935029 | 47.485306020988 | -122.22905578723 |
| 1519176963434 | 47.487887309935 | -122.23432945262 |
| 1519177028246 | 47.493180175742 | -122.24067460661 |
| 1519177152297 | 47.501529347563 | -122.24640878318 |
| 1519177400187 | 47.501529347563 | -122.24640878318 |
| 1519177979709 | 47.501529347563 | -122.24640878318 |
| 1519178579688 | 47.501529347563 | -122.24640878318 |
| 1519179179878 | 47.501529347563 | -122.24640878318 |
| 1519179788907 | 47.501529347563 | -122.24640878318 |
| 1519180380310 | 47.501529347563 | -122.24640878318 |
| 1519212188394 |     47.50426548 |    -122.25308455 |
| 1519212189147 | 47.501563475053 | -122.24731660647 |
| 1519212190027 | 47.501607799246 | -122.24739875562 |
| 1519212775633 | 47.501607799246 | -122.24739875562 |
| 1519212775633 | 47.501607799246 | -122.24739875562 |
| 1519213375617 | 47.501607799246 | -122.24739875562 |
| 1519213975646 | 47.501607799246 | -122.24739875562 |
| 1519213975646 | 47.501607799246 | -122.24739875562 |
| 1519214575531 | 47.501607799246 | -122.24739875562 |
| 1519214575531 | 47.501607799246 | -122.24739875562 |
| 1519215175538 | 47.501607799246 | -122.24739875562 |
| 1519215775565 | 47.501607799246 | -122.24739875562 |
| 1519215775565 | 47.501607799246 | -122.24739875562 |
| 1519216375581 | 47.501607799246 | -122.24739875562 |
| 1519216375581 | 47.501607799246 | -122.24739875562 |
| 1519216975497 | 47.501607799246 | -122.24739875562 |
| 1519217575569 | 47.501607799246 | -122.24739875562 |
| 1519217575569 | 47.501607799246 | -122.24739875562 |
| 1519218175488 | 47.501607799246 | -122.24739875562 |
| 1519218175488 | 47.501607799246 | -122.24739875562 |
| 1519218775460 | 47.501607799246 | -122.24739875562 |
| 1519219375534 | 47.501607799246 | -122.24739875562 |
| 1519219375534 | 47.501607799246 | -122.24739875562 |
| 1519219975424 | 47.501607799246 | -122.24739875562 |
| 1519219975424 | 47.501607799246 | -122.24739875562 |
| 1519220575459 | 47.501607799246 | -122.24739875562 |
| 1519221175445 | 47.501607799246 | -122.24739875562 |
| 1519221175445 | 47.501607799246 | -122.24739875562 |
| 1519221775449 | 47.501607799246 | -122.24739875562 |
| 1519221775449 | 47.501607799246 | -122.24739875562 |
| 1519222375388 | 47.501607799246 | -122.24739875562 |
| 1519222975432 | 47.501607799246 | -122.24739875562 |
+---------------+-----------------+------------------+