+---------------+-----------------+------------------+
| timestamp     | double_latitude | double_longitude |
+---------------+-----------------+------------------+
| 1516574062921 | 47.681201907234 |  -122.1115379675 |
| 1516574280096 | 47.681218333193 | -122.11155587631 |
| 1516574880002 | 47.681218333193 | -122.11155587631 |
| 1516575480002 | 47.681218333193 | -122.11155587631 |
| 1516576080001 | 47.681218333193 | -122.11155587631 |
| 1516576680002 | 47.681218333193 | -122.11155587631 |
| 1516577280001 | 47.681218333193 | -122.11155587631 |
| 1516577879968 | 47.681218333193 | -122.11155587631 |
| 1516578480001 | 47.681218333193 | -122.11155587631 |
| 1516579079951 | 47.681218333193 | -122.11155587631 |
| 1516579679941 | 47.681218333193 | -122.11155587631 |
| 1516580279969 | 47.681218333193 | -122.11155587631 |
| 1516580879921 | 47.681218333193 | -122.11155587631 |
| 1516581479858 | 47.681218333193 | -122.11155587631 |
| 1516582079926 | 47.681218333193 | -122.11155587631 |
| 1516582679890 | 47.681218333193 | -122.11155587631 |
| 1516583279837 | 47.681218333193 | -122.11155587631 |
| 1516583879855 | 47.681218333193 | -122.11155587631 |
| 1516584479829 | 47.681218333193 | -122.11155587631 |
| 1516585079813 | 47.681218333193 | -122.11155587631 |
| 1516585679786 | 47.681218333193 | -122.11155587631 |
| 1516586279796 | 47.681218333193 | -122.11155587631 |
| 1516586879791 | 47.681218333193 | -122.11155587631 |
| 1516587479796 | 47.681218333193 | -122.11155587631 |
| 1516588079767 | 47.681218333193 | -122.11155587631 |
| 1516588679757 | 47.681218333193 | -122.11155587631 |
| 1516589279757 | 47.681218333193 | -122.11155587631 |
| 1516589879830 | 47.681218333193 | -122.11155587631 |
| 1516590479734 | 47.681218333193 | -122.11155587631 |
| 1516591079723 | 47.681218333193 | -122.11155587631 |
| 1516591679723 | 47.681218333193 | -122.11155587631 |
| 1516592279687 | 47.681218333193 | -122.11155587631 |
| 1516592879719 | 47.681218333193 | -122.11155587631 |
| 1516593479688 | 47.681218333193 | -122.11155587631 |
| 1516594079676 | 47.681218333193 | -122.11155587631 |
| 1516594679649 | 47.681218333193 | -122.11155587631 |
| 1516595279649 | 47.681218333193 | -122.11155587631 |
| 1516595879641 | 47.681218333193 | -122.11155587631 |
| 1516596479700 | 47.681218333193 | -122.11155587631 |
| 1516597079690 | 47.681218333193 | -122.11155587631 |
| 1516597679611 | 47.681218333193 | -122.11155587631 |
| 1516598279628 | 47.681218333193 | -122.11155587631 |
| 1516598879656 | 47.681218333193 | -122.11155587631 |
| 1516599479595 | 47.681218333193 | -122.11155587631 |
| 1516600079671 | 47.681218333193 | -122.11155587631 |
| 1516600679617 | 47.681218333193 | -122.11155587631 |
| 1516601279577 | 47.681218333193 | -122.11155587631 |
| 1516601879545 | 47.681218333193 | -122.11155587631 |
| 1516602479532 | 47.681218333193 | -122.11155587631 |
| 1516603079603 | 47.681218333193 | -122.11155587631 |
| 1516603679530 | 47.681218333193 | -122.11155587631 |
| 1516604279588 | 47.681218333193 | -122.11155587631 |
| 1516604879521 | 47.681218333193 | -122.11155587631 |
| 1516605479554 | 47.681218333193 | -122.11155587631 |
| 1516606079470 | 47.681218333193 | -122.11155587631 |
| 1516606679567 | 47.681218333193 | -122.11155587631 |
| 1516607279559 | 47.681218333193 | -122.11155587631 |
| 1516607879442 | 47.681218333193 | -122.11155587631 |
| 1516608479537 | 47.681218333193 | -122.11155587631 |
| 1516609079455 | 47.681218333193 | -122.11155587631 |
| 1516609679442 | 47.681218333193 | -122.11155587631 |
| 1516610279414 | 47.681218333193 | -122.11155587631 |
| 1516610879421 | 47.681218333193 | -122.11155587631 |
| 1516611479395 | 47.681218333193 | -122.11155587631 |
| 1516612079427 | 47.681218333193 | -122.11155587631 |
| 1516612679383 | 47.681218333193 | -122.11155587631 |
| 1516613279357 | 47.681218333193 | -122.11155587631 |
| 1516613879402 | 47.681218333193 | -122.11155587631 |
| 1516614479351 | 47.681218333193 | -122.11155587631 |
| 1516615079384 | 47.681218333193 | -122.11155587631 |
| 1516615204079 | 47.681299584133 | -122.11168136091 |
| 1516615500360 | 47.681299561939 | -122.11168135952 |
| 1516615801207 | 47.681299561939 | -122.11168135952 |
| 1516616401242 | 47.681299561939 | -122.11168135952 |
| 1516617001177 | 47.681299561939 | -122.11168135952 |
| 1516617601216 | 47.681299561939 | -122.11168135952 |
| 1516618201211 | 47.681299561939 | -122.11168135952 |
| 1516618801156 | 47.681299561939 | -122.11168135952 |
| 1516619401171 | 47.681299561939 | -122.11168135952 |
| 1516620001233 | 47.681299561939 | -122.11168135952 |
| 1516620601165 | 47.681299561939 | -122.11168135952 |
| 1516621201145 | 47.681299561939 | -122.11168135952 |
| 1516621801176 | 47.681299561939 | -122.11168135952 |
| 1516622401094 | 47.681299561939 | -122.11168135952 |
| 1516623001111 | 47.681299561939 | -122.11168135952 |
| 1516623601109 | 47.681299561939 | -122.11168135952 |
| 1516624201072 | 47.681299561939 | -122.11168135952 |
| 1516624801151 | 47.681299561939 | -122.11168135952 |
| 1516625401069 | 47.681299561939 | -122.11168135952 |
| 1516626001088 | 47.681299561939 | -122.11168135952 |
| 1516626601047 | 47.681299561939 | -122.11168135952 |
| 1516627201061 | 47.681299561939 | -122.11168135952 |
| 1516627801018 | 47.681299561939 | -122.11168135952 |
| 1516628401060 | 47.681299561939 | -122.11168135952 |
| 1516629001045 | 47.681299561939 | -122.11168135952 |
| 1516629600992 | 47.681299561939 | -122.11168135952 |
| 1516630200990 | 47.681299561939 | -122.11168135952 |
| 1516630801016 | 47.681299561939 | -122.11168135952 |
| 1516631400964 | 47.681299561939 | -122.11168135952 |
| 1516632001048 | 47.681299561939 | -122.11168135952 |
| 1516632601029 | 47.681299561939 | -122.11168135952 |
| 1516633201018 | 47.681299561939 | -122.11168135952 |
| 1516633800950 | 47.681299561939 | -122.11168135952 |
| 1516634400991 | 47.681299561939 | -122.11168135952 |
| 1516635000921 | 47.681299561939 | -122.11168135952 |
| 1516635600971 | 47.681299561939 | -122.11168135952 |
| 1516636200918 | 47.681299561939 | -122.11168135952 |
| 1516636800963 | 47.681299561939 | -122.11168135952 |
| 1516637400894 | 47.681299561939 | -122.11168135952 |
| 1516638000889 | 47.681299561939 | -122.11168135952 |
| 1516638600858 | 47.681299561939 | -122.11168135952 |
| 1516639200851 | 47.681299561939 | -122.11168135952 |
| 1516659657565 | 47.681235922118 | -122.11156963274 |
| 1516659658592 | 47.681201907234 |  -122.1115379675 |
| 1516659658594 | 47.681235922118 | -122.11156963274 |
| 1516659659830 | 47.681261205853 | -122.11159748969 |
| 1516660258204 | 47.681261205853 | -122.11159748969 |
| 1516660258204 | 47.681261205853 | -122.11159748969 |
| 1516660858158 | 47.681261205853 | -122.11159748969 |
| 1516660858158 | 47.681261205853 | -122.11159748969 |
| 1516661458182 | 47.681261205853 | -122.11159748969 |
| 1516661458182 | 47.681261205853 | -122.11159748969 |
| 1516662058164 | 47.681261205853 | -122.11159748969 |
| 1516662058164 | 47.681261205853 | -122.11159748969 |
| 1516662658140 | 47.681261205853 | -122.11159748969 |
| 1516662658140 | 47.681261205853 | -122.11159748969 |
| 1516663258160 | 47.681261205853 | -122.11159748969 |
| 1516663258160 | 47.681261205853 | -122.11159748969 |
| 1516663858149 | 47.681261205853 | -122.11159748969 |
| 1516663858149 | 47.681261205853 | -122.11159748969 |
| 1516664458135 | 47.681261205853 | -122.11159748969 |
| 1516664458135 | 47.681261205853 | -122.11159748969 |
| 1516665058117 | 47.681261205853 | -122.11159748969 |
| 1516665058117 | 47.681261205853 | -122.11159748969 |
| 1516665058117 | 47.681261205853 | -122.11159748969 |
| 1516665658082 | 47.681261205853 | -122.11159748969 |
| 1516665658082 | 47.681261205853 | -122.11159748969 |
| 1516666258060 | 47.681261205853 | -122.11159748969 |
| 1516666858087 | 47.681261205853 | -122.11159748969 |
| 1516667458083 | 47.681261205853 | -122.11159748969 |
| 1516668058069 | 47.681261205853 | -122.11159748969 |
| 1516668658124 | 47.681261205853 | -122.11159748969 |
| 1516669258072 | 47.681261205853 | -122.11159748969 |
| 1516669858087 | 47.681261205853 | -122.11159748969 |
| 1516670458028 | 47.681261205853 | -122.11159748969 |
| 1516671057997 | 47.681261205853 | -122.11159748969 |
| 1516671658035 | 47.681261205853 | -122.11159748969 |
| 1516672258026 | 47.681261205853 | -122.11159748969 |
| 1516672857966 | 47.681261205853 | -122.11159748969 |
| 1516673458004 | 47.681261205853 | -122.11159748969 |
| 1516674058002 | 47.681261205853 | -122.11159748969 |
| 1516674657960 | 47.681261205853 | -122.11159748969 |
| 1516675257950 | 47.681261205853 | -122.11159748969 |
| 1516675857959 | 47.681261205853 | -122.11159748969 |
| 1516676457943 | 47.681261205853 | -122.11159748969 |
| 1516677057946 | 47.681261205853 | -122.11159748969 |
| 1516677657958 | 47.681261205853 | -122.11159748969 |
| 1516678257915 | 47.681261205853 | -122.11159748969 |
| 1516678857916 | 47.681261205853 | -122.11159748969 |
| 1516679457924 | 47.681261205853 | -122.11159748969 |
| 1516680057874 | 47.681261205853 | -122.11159748969 |
| 1516680657876 | 47.681261205853 | -122.11159748969 |
| 1516681257895 | 47.681261205853 | -122.11159748969 |
| 1516681857833 | 47.681261205853 | -122.11159748969 |
| 1516682457823 | 47.681261205853 | -122.11159748969 |
| 1516683057816 | 47.681261205853 | -122.11159748969 |
| 1516683657818 | 47.681261205853 | -122.11159748969 |
| 1516684257785 | 47.681261205853 | -122.11159748969 |
| 1516684857845 | 47.681261205853 | -122.11159748969 |
| 1516685457872 | 47.681261205853 | -122.11159748969 |
| 1516686057770 | 47.681261205853 | -122.11159748969 |
| 1516686657822 | 47.681261205853 | -122.11159748969 |
| 1516687257731 | 47.681261205853 | -122.11159748969 |
| 1516687857815 | 47.681261205853 | -122.11159748969 |
| 1516688457737 | 47.681261205853 | -122.11159748969 |
| 1516689057716 | 47.681261205853 | -122.11159748969 |
| 1516689657713 | 47.681261205853 | -122.11159748969 |
| 1516690257705 | 47.681261205853 | -122.11159748969 |
| 1516690857732 | 47.681261205853 | -122.11159748969 |
| 1516691457680 | 47.681261205853 | -122.11159748969 |
| 1516692057743 | 47.681261205853 | -122.11159748969 |
| 1516692657691 | 47.681261205853 | -122.11159748969 |
| 1516693257711 | 47.681261205853 | -122.11159748969 |
| 1516693857635 | 47.681261205853 | -122.11159748969 |
| 1516694457620 | 47.681261205853 | -122.11159748969 |
| 1516695057620 | 47.681261205853 | -122.11159748969 |
| 1516695657592 | 47.681261205853 | -122.11159748969 |
| 1516696257604 | 47.681261205853 | -122.11159748969 |
| 1516696857636 | 47.681261205853 | -122.11159748969 |
| 1516697457600 | 47.681261205853 | -122.11159748969 |
| 1516698057567 | 47.681261205853 | -122.11159748969 |
| 1516698657551 | 47.681261205853 | -122.11159748969 |
| 1516699257558 | 47.681261205853 | -122.11159748969 |
| 1516699857610 | 47.681261205853 | -122.11159748969 |
| 1516700457564 | 47.681261205853 | -122.11159748969 |
| 1516701057530 | 47.681261205853 | -122.11159748969 |
| 1516701657560 | 47.681261205853 | -122.11159748969 |
| 1516702257555 | 47.681261205853 | -122.11159748969 |
| 1516702857512 | 47.681261205853 | -122.11159748969 |
| 1516703457491 | 47.681261205853 | -122.11159748969 |
| 1516704057510 | 47.681261205853 | -122.11159748969 |
| 1516704657466 | 47.681261205853 | -122.11159748969 |
| 1516705257464 | 47.681261205853 | -122.11159748969 |
| 1516705857441 | 47.681261205853 | -122.11159748969 |
| 1516706457480 | 47.681261205853 | -122.11159748969 |
| 1516707057435 | 47.681261205853 | -122.11159748969 |
| 1516707657412 | 47.681261205853 | -122.11159748969 |
| 1516708257416 | 47.681261205853 | -122.11159748969 |
| 1516708857407 | 47.681261205853 | -122.11159748969 |
| 1516709457441 | 47.681261205853 | -122.11159748969 |
| 1516710057426 | 47.681261205853 | -122.11159748969 |
| 1516710657440 | 47.681261205853 | -122.11159748969 |
| 1516711257412 | 47.681261205853 | -122.11159748969 |
| 1516711857364 | 47.681261205853 | -122.11159748969 |
| 1516712457350 | 47.681261205853 | -122.11159748969 |
| 1516713057432 | 47.681261205853 | -122.11159748969 |
| 1516713657479 | 47.681261205853 | -122.11159748969 |
| 1516714257317 | 47.681261205853 | -122.11159748969 |
| 1516714857317 | 47.681261205853 | -122.11159748969 |
| 1516715457299 | 47.681261205853 | -122.11159748969 |
| 1516716057293 | 47.681261205853 | -122.11159748969 |
| 1516716657291 | 47.681261205853 | -122.11159748969 |
| 1516717257278 | 47.681261205853 | -122.11159748969 |
| 1516725551671 | 47.674880447813 |  -122.1113719757 |
| 1516725561771 | 47.674880447813 |  -122.1113719757 |
| 1516725561917 | 47.674744196868 |  -122.1115321135 |
| 1516725561920 | 47.674676316905 | -122.11159260386 |
| 1516725563389 | 47.674746801083 | -122.11331908844 |
| 1516725577278 | 47.673886174253 | -122.11391863063 |
| 1516725631965 | 47.672418158975 | -122.11283250078 |
| 1516725666646 | 47.671322941216 |  -122.1126841858 |
| 1516725747921 | 47.670772520857 | -122.11118219776 |
| 1516725820106 | 47.667336794592 | -122.12187876005 |
| 1516725823984 | 47.667373004414 | -122.12356721062 |
| 1516725828061 |  47.66735598915 | -122.12518005643 |
| 1516725832102 | 47.667280971117 | -122.12676054809 |
| 1516725836146 |  47.66701079732 | -122.12827611217 |
| 1516725840083 | 47.666587145102 | -122.12969220146 |
| 1516725844154 | 47.666031816785 | -122.13099306799 |
| 1516725848172 | 47.665346390117 | -122.13211645119 |
| 1516725852148 | 47.664522464934 | -122.13304649188 |
| 1516725856110 | 47.663633957704 | -122.13379361737 |
| 1516725860139 | 47.662699777917 | -122.13431572721 |
| 1516725864146 |  47.66174749058 | -122.13482503019 |
| 1516725868097 | 47.660802430518 | -122.13535610598 |
| 1516725872082 | 47.659850539684 | -122.13587410759 |
| 1516725876153 | 47.658865875609 | -122.13639504288 |
| 1516725880176 | 47.657857197381 | -122.13692695845 |
| 1516725884164 | 47.656822577163 | -122.13743473415 |
| 1516725888145 | 47.655739383816 | -122.13778275076 |
| 1516725892138 |  47.65466218353 |  -122.1379560047 |
| 1516725896159 | 47.653547725685 | -122.13797209796 |
| 1516725900077 | 47.652455312244 | -122.13783622731 |
| 1516725904154 | 47.651367466941 | -122.13756557565 |
| 1516725908176 | 47.650318974673 | -122.13711387489 |
| 1516725912132 | 47.649248354181 | -122.13660861377 |
| 1516725916155 | 47.648189971268 | -122.13611559022 |
| 1516725920129 | 47.647175048522 | -122.13565290917 |
| 1516725924160 | 47.646124921783 | -122.13514739659 |
| 1516725928129 | 47.645001118116 | -122.13470256899 |
| 1516725932145 | 47.643898478754 | -122.13443283934 |
| 1516725936203 | 47.642831001475 | -122.13443476718 |
| 1516725941157 | 47.641922403171 | -122.13458656345 |
| 1516725949158 | 47.640985264487 | -122.13489468221 |
| 1516725955158 | 47.640101015612 | -122.13534730498 |
| 1516725961132 | 47.639219616584 | -122.13598374289 |
| 1516725966088 |  47.63844207957 | -122.13680794451 |
| 1516725970139 | 47.637737863741 | -122.13768937636 |
| 1516725974104 | 47.637059432499 | -122.13879184809 |
| 1516725978151 | 47.636431689573 | -122.13982844724 |
| 1516725982189 | 47.635774649397 | -122.14097794831 |
| 1516725986137 | 47.635078171249 | -122.14219489554 |
| 1516725990206 | 47.634385610243 | -122.14340971198 |
| 1516725994149 |  47.63369777214 | -122.14460880395 |
| 1516725998159 | 47.633007704325 | -122.14581822988 |
| 1516726002159 | 47.632318586155 | -122.14702773851 |
| 1516726006150 | 47.631643759131 | -122.14819408033 |
| 1516726010128 | 47.631032844118 | -122.14935472246 |
| 1516726014134 | 47.630473933917 | -122.15060146685 |
| 1516726018177 | 47.630069031912 |  -122.1519398102 |
| 1516726022091 | 47.629782081221 | -122.15335112033 |
| 1516726026322 | 47.629602705001 | -122.15482240846 |
| 1516726030073 | 47.629521166239 | -122.15635233227 |
| 1516726034069 | 47.629606353332 | -122.15779390841 |
| 1516726038122 | 47.629754550466 | -122.15915763854 |
| 1516726042147 | 47.629895355744 | -122.16056442418 |
| 1516726047142 | 47.630056935199 |  -122.1621855205 |
| 1516726052107 | 47.630193288204 | -122.16368163847 |
| 1516726057129 | 47.630170203981 | -122.16531457878 |
| 1516726061154 | 47.630078694419 | -122.16663851344 |
| 1516726066159 | 47.629984016575 |  -122.1682104842 |
| 1516726071157 | 47.629953075675 | -122.16983031428 |
| 1516726076136 | 47.630161039892 | -122.17133974285 |
| 1516726081132 | 47.630490612366 | -122.17280359332 |
| 1516726086126 | 47.630824620845 | -122.17425206501 |
| 1516726091185 | 47.631125708775 | -122.17556285715 |
| 1516726096126 | 47.631443048151 | -122.17691898066 |
| 1516726113148 | 47.631737661261 | -122.17821438468 |
| 1516726153146 | 47.632020403141 | -122.17949089289 |
| 1516726158174 | 47.632020403141 | -122.17949089289 |
| 1516726184124 | 47.632141744924 | -122.18085112676 |
| 1516726209126 | 47.632176520398 | -122.18220811519 |
| 1516726234146 | 47.632132012275 | -122.18356827024 |
| 1516726264138 | 47.632083148933 | -122.18493928829 |
| 1516726279111 | 47.632093741603 | -122.18629460793 |
| 1516726292097 | 47.632329392658 |  -122.1876464723 |
| 1516726305089 | 47.632809148992 | -122.18883116848 |
| 1516726319086 | 47.633671739579 | -122.18931662984 |
| 1516726332081 | 47.633208413132 | -122.18807612327 |
| 1516726341106 | 47.632309165961 | -122.18823840771 |
| 1516726349083 | 47.631397795619 | -122.18843046389 |
| 1516726357106 | 47.630414237172 |  -122.1886308235 |
| 1516726365208 | 47.629515845373 | -122.18878294353 |
| 1516726413748 | 47.621225731103 |  -122.1894145266 |
| 1516726420073 | 47.620180165439 | -122.18938694347 |
| 1516726428144 | 47.619258771894 | -122.18916024615 |
| 1516726439175 | 47.618396888261 | -122.18985775519 |
| 1516726903022 | 47.618010586777 | -122.19047103864 |
| 1516726903023 | 47.616785168167 | -122.19131354175 |
| 1516726922713 | 47.616807965596 | -122.19143966727 |
| 1516727006204 | 47.616776951599 |  -122.1912823925 |
| 1516727007561 | 47.617076588405 |  -122.1925892983 |
| 1516727302762 |  47.61639956533 | -122.19360704959 |
| 1516727390726 | 47.616986011794 | -122.19221269145 |
| 1516727391758 | 47.616116653794 | -122.19149380242 |
| 1516727399920 | 47.617205828102 | -122.19421811672 |
| 1516727412737 | 47.616294052981 | -122.19402764278 |
| 1516727447625 | 47.615362169505 | -122.19476836374 |
| 1516727502873 | 47.615362169505 | -122.19476836374 |
| 1516727929372 | 47.615417965858 | -122.19614589379 |
| 1516727964753 | 47.616833963789 | -122.19643330579 |
| 1516727997057 | 47.617449139356 | -122.19821016795 |
| 1516728102869 | 47.617449139356 | -122.19821016795 |
| 1516728205648 | 47.617272040191 | -122.20295347312 |
| 1516728211914 | 47.617144725901 | -122.20581718453 |
| 1516728224864 | 47.617077105167 | -122.20733819421 |
| 1516728306490 | 47.617822967534 | -122.21707588842 |
| 1516728320953 | 47.618600121091 |  -122.2282442326 |
| 1516728321443 |  47.61812409724 | -122.22139894955 |
| 1516728323647 | 47.619182327176 | -122.22197360401 |
| 1516728344983 | 47.619858176085 | -122.22292367632 |
| 1516728416620 | 47.621587426326 | -122.22538286924 |
| 1516728422662 | 47.622815219218 | -122.22726458034 |
| 1516728543321 | 47.633566100427 | -122.22794778736 |
| 1516728556419 | 47.640507473276 | -122.22800747576 |
| 1516728558247 | 47.633628685152 | -122.22794832623 |
| 1516728702877 | 47.633628685152 | -122.22794832623 |
| 1516728855442 | 47.644180824716 | -122.28009623787 |
| 1516728857098 | 47.644917550541 | -122.28566844028 |
| 1516728877572 | 47.644211415317 | -122.28031825957 |
| 1516728955321 | 47.644493763762 | -122.30276868934 |
| 1516729083729 | 47.649409140832 | -122.30547505132 |
| 1516729244810 | 47.650461985975 | -122.30550225528 |
| 1516729302846 | 47.650461985975 | -122.30550225528 |
| 1516729428006 | 47.653630807156 |  -122.3053459282 |
| 1516729902846 | 47.653630807156 |  -122.3053459282 |
| 1516730502857 | 47.653630807156 |  -122.3053459282 |
| 1516731102815 | 47.653630807156 |  -122.3053459282 |
| 1516731702834 | 47.653630807156 |  -122.3053459282 |
| 1516732302816 | 47.653630807156 |  -122.3053459282 |
| 1516732902786 | 47.653630807156 |  -122.3053459282 |
| 1516733502785 | 47.653630807156 |  -122.3053459282 |
| 1516734090703 | 47.653807480706 | -122.30678133961 |
| 1516734102777 | 47.653807480706 | -122.30678133961 |
| 1516734126151 | 47.654719005366 |  -122.3069026235 |
| 1516734162509 | 47.654419458237 | -122.30727786797 |
| 1516734702790 | 47.654419458237 | -122.30727786797 |
| 1516735302764 | 47.654419458237 | -122.30727786797 |
| 1516735902746 | 47.654419458237 | -122.30727786797 |
| 1516736502743 | 47.654419458237 | -122.30727786797 |
| 1516737102741 | 47.654419458237 | -122.30727786797 |
| 1516737702720 | 47.654419458237 | -122.30727786797 |
| 1516738302714 | 47.654419458237 | -122.30727786797 |
| 1516738902714 | 47.654419458237 | -122.30727786797 |
| 1516739309784 | 47.653526294406 | -122.30583555927 |
| 1516739502663 | 47.653526294406 | -122.30583555927 |
| 1516740102705 | 47.653526294406 | -122.30583555927 |
| 1516740702712 | 47.653526294406 | -122.30583555927 |
| 1516741302683 | 47.653526294406 | -122.30583555927 |
| 1516741902659 | 47.653526294406 | -122.30583555927 |
| 1516742502658 | 47.653526294406 | -122.30583555927 |
| 1516743102640 | 47.653526294406 | -122.30583555927 |
| 1516745884157 | 47.654324330845 | -122.30720438339 |
| 1516745892417 | 47.654324330845 | -122.30720438339 |
| 1516745892420 | 47.654960741031 | -122.30657988141 |
| 1516746166279 | 47.654960741031 | -122.30657988141 |
| 1516746166562 |  47.65492503743 | -122.30659165668 |
| 1516746253317 | 47.654324330845 | -122.30720438339 |
| 1516746253378 |  47.65489279508 | -122.30663218916 |
| 1516746328647 | 47.654324330845 | -122.30720438339 |
| 1516746328647 | 47.654908121054 | -122.30665808156 |
| 1516746554611 | 47.654908121062 | -122.30665808159 |
| 1516746557164 | 47.654995196187 | -122.30661857077 |
| 1516746656752 | 47.654324330845 | -122.30720438339 |
| 1516746656766 | 47.654805892592 | -122.30691899371 |
| 1516746659082 | 47.654864928554 | -122.30703004093 |
| 1516746660939 | 47.654324330845 | -122.30720438339 |
| 1516746660942 | 47.654960953357 | -122.30703725056 |
| 1516746661302 | 47.654960953357 | -122.30703725056 |
| 1516746799482 | 47.655594396802 | -122.30595144516 |
| 1516747260753 | 47.655594396802 | -122.30595144516 |
| 1516747860801 | 47.655594396802 | -122.30595144516 |
| 1516748460780 | 47.655594396802 | -122.30595144516 |
| 1516749060751 | 47.655594396802 | -122.30595144516 |
| 1516749262267 | 47.654674581333 |  -122.3065406603 |
| 1516749383416 | 47.653627945935 | -122.30585560071 |
| 1516749660727 | 47.653627945935 | -122.30585560071 |
| 1516750260781 | 47.653627945935 | -122.30585560071 |
| 1516750581093 | 47.654490672821 | -122.30498087938 |
| 1516750781127 | 47.653522557248 | -122.30567065642 |
| 1516750860736 | 47.653522557248 | -122.30567065642 |
| 1516751460720 | 47.653522557248 | -122.30567065642 |
| 1516751888575 | 47.653458028009 | -122.30600672041 |
| 1516752060690 | 47.653458028009 | -122.30600672041 |
| 1516752660684 | 47.653458028009 | -122.30600672041 |
| 1516753260656 | 47.653458028009 | -122.30600672041 |
| 1516753860639 | 47.653458028009 | -122.30600672041 |
| 1516754460666 | 47.653458028009 | -122.30600672041 |
| 1516755060611 | 47.653458028009 | -122.30600672041 |
| 1516755660657 | 47.653458028009 | -122.30600672041 |
| 1516756260680 | 47.653458028009 | -122.30600672041 |
| 1516756860667 | 47.653458028009 | -122.30600672041 |
| 1516757282665 | 47.652550078114 | -122.30588931338 |
| 1516757414118 |  47.65013325042 | -122.30516623005 |
| 1516757460635 |  47.65013325042 | -122.30516623005 |
| 1516757502323 |  47.64985408229 | -122.30538621227 |
| 1516757643951 | 47.648961273998 | -122.30417559866 |
| 1516757786627 | 47.648999495476 | -122.30281345558 |
| 1516758470676 | 47.665282072148 | -122.28262129455 |
| 1516758470718 | 47.665282156846 | -122.28262143895 |
| 1516758473293 | 47.665282172333 | -122.28262146535 |
| 1516758473302 | 47.665282180635 | -122.28262147951 |
| 1516758476587 |  47.66612654515 | -122.28160248151 |
| 1516758496943 | 47.667161998027 | -122.28069983368 |
| 1516758505501 | 47.667970459349 | -122.27963430404 |
| 1516758511951 | 47.668214309687 | -122.27780162156 |
| 1516758531236 | 47.668224224582 | -122.27441813093 |
| 1516758564390 | 47.672179631569 | -122.26770429696 |
| 1516758588866 | 47.673368088091 | -122.26665959533 |
| 1516758591462 | 47.675411430411 | -122.26374323767 |
| 1516758670586 | 47.681798437188 | -122.26373003111 |
| 1516758694874 | 47.683647946217 | -122.26382098321 |
| 1516758780779 | 47.693690858786 | -122.27361062865 |
| 1516758835957 | 47.700631721822 | -122.27759064475 |
| 1516758857615 | 47.703473891034 | -122.27768813814 |
| 1516758878060 | 47.705835176466 | -122.27870847402 |
| 1516758982281 | 47.714599885464 | -122.28255867402 |
| 1516759033749 | 47.719173627191 | -122.28617526417 |
| 1516759053521 | 47.719330000456 |  -122.2902020295 |
| 1516759068026 | 47.719330000456 |  -122.2902020295 |
| 1516759108738 | 47.719477934994 | -122.29318956193 |
| 1516759157758 | 47.719304105527 |  -122.2946013851 |
| 1516759248442 | 47.719328490377 | -122.29827444731 |
| 1516759269798 | 47.719528399601 |  -122.2996112554 |
| 1516759285650 | 47.719331214169 |  -122.3028928722 |
| 1516759300579 | 47.719376346979 | -122.30586001597 |
| 1516759320429 | 47.719412386411 | -122.30922558904 |
| 1516759336434 | 47.719394118201 | -122.31077940933 |
| 1516759375090 | 47.719306399014 | -122.31519017342 |
| 1516759401620 | 47.720819401924 | -122.31997238877 |
| 1516759409793 | 47.721389156649 | -122.32103749292 |
| 1516759415740 | 47.722002432931 | -122.32218395663 |
| 1516759487478 | 47.723051158174 | -122.32355863265 |
| 1516759599095 | 47.724839606834 | -122.33427637905 |
| 1516759641746 | 47.727762968348 | -122.33432368883 |
| 1516759668028 | 47.727762968348 | -122.33432368883 |
| 1516759726680 | 47.730478777672 | -122.33298423857 |
| 1516760268023 | 47.730478777672 | -122.33298423857 |
| 1516760382336 | 47.731357393831 | -122.33262310747 |
| 1516760868171 | 47.731357393831 | -122.33262310747 |
| 1516761468167 | 47.731357393831 | -122.33262310747 |
| 1516761933307 | 47.730487394191 | -122.33337244962 |
| 1516761954350 | 47.730016240594 | -122.33461272623 |
| 1516761966347 | 47.728939982243 | -122.33447783858 |
| 1516761986229 | 47.727707750195 | -122.33425698634 |
| 1516762006025 | 47.725070554536 | -122.33420981914 |
| 1516762021527 | 47.723285581607 | -122.33406553898 |
| 1516762068142 | 47.723285581607 | -122.33406553898 |
| 1516762116055 | 47.723314563413 | -122.32430603152 |
| 1516762125349 | 47.723428646312 | -122.31378729431 |
| 1516762140580 |  47.72292249617 | -122.32322108344 |
| 1516762162033 |  47.72068703285 | -122.31968368767 |
| 1516762192717 | 47.717915335809 | -122.31813583748 |
| 1516762208980 | 47.716334866914 | -122.31793839508 |
| 1516762224032 | 47.714728018192 | -122.31804353117 |
| 1516762239974 | 47.712738449016 | -122.31794695563 |
| 1516762258789 |   47.7123752463 | -122.31653079194 |
| 1516762298525 | 47.712333059633 | -122.31257915512 |
| 1516762332908 | 47.709726502356 |  -122.3125329392 |
| 1516762353660 | 47.708680930891 |  -122.3123518202 |
| 1516762380073 | 47.708607148424 | -122.31251525704 |
| 1516762412157 | 47.707586400255 | -122.31248013687 |
| 1516762419080 | 47.706676921852 | -122.31245289568 |
| 1516762426081 | 47.705689533658 | -122.31242783379 |
| 1516762433900 |  47.70460734614 | -122.31238466699 |
| 1516762452631 | 47.702516176578 | -122.31232364621 |
| 1516762472295 | 47.700014907276 | -122.31223251455 |
| 1516762534967 | 47.699528144975 | -122.31095749893 |
| 1516762624803 | 47.699415664665 | -122.31228757528 |
| 1516762668138 | 47.699415664665 | -122.31228757528 |
| 1516763513075 | 47.695007771331 | -122.31214325199 |
| 1516763514050 | 47.695007771331 | -122.31214325199 |
| 1516763521912 | 47.693746561206 | -122.31213132264 |
| 1516763531544 | 47.692229577028 | -122.31224465697 |
| 1516763540503 | 47.691155627209 |  -122.3123998319 |
| 1516763568161 |  47.68761738029 | -122.31216356353 |
| 1516763609027 | 47.686431564622 | -122.31380587073 |
| 1516763628876 | 47.684117934956 | -122.31634443203 |
| 1516763640530 | 47.683100067955 |  -122.3172031497 |
| 1516763670910 | 47.682415266231 | -122.31843189766 |
| 1516763677166 | 47.682116688274 | -122.32045752939 |
| 1516763682048 |  47.68163313628 | -122.32168179017 |
| 1516763688092 | 47.680618863669 | -122.32151433721 |
| 1516763789360 | 47.695007771331 | -122.31214325199 |
| 1516763792550 | 47.695007771331 | -122.31214325199 |
| 1516763792551 | 47.665005410134 | -122.32381255377 |
| 1516763800076 | 47.665020665198 | -122.32516363275 |
| 1516763807160 | 47.665036674633 | -122.32650465343 |
| 1516763814105 | 47.665046649098 | -122.32793334883 |
| 1516763821162 | 47.665034830615 | -122.32940185826 |
| 1516763828136 | 47.665018485903 | -122.33076794084 |
| 1516763837188 |  47.66502573625 | -122.33220292267 |
| 1516763847140 | 47.665072591088 | -122.33359532442 |
| 1516763855168 |  47.66504128468 |  -122.3350442202 |
| 1516763863157 | 47.665050630502 | -122.33649638493 |
| 1516763872131 | 47.665052390702 | -122.33791410003 |
| 1516763898924 | 47.665073967568 | -122.33950782673 |
| 1516763914717 | 47.665065789047 | -122.34172274894 |
| 1516763931372 | 47.665188638538 | -122.34363399457 |
| 1516763935131 |  47.66503056815 | -122.34497013504 |
| 1516763944156 | 47.665116344623 |  -122.3463845161 |
| 1516763953152 | 47.665089526083 | -122.34785751536 |
| 1516763961166 | 47.665111820883 | -122.34926483282 |
| 1516763970137 | 47.665048168692 | -122.35065711599 |
| 1516763979118 | 47.665048893498 |  -122.3520757623 |
| 1516763989147 | 47.665049925103 | -122.35343532552 |
| 1516764002134 | 47.665743604347 | -122.35441136185 |
| 1516764011154 | 47.666754084684 | -122.35437816952 |
| 1516764021090 | 47.667670771524 | -122.35444245871 |
| 1516764051150 | 47.667938112326 | -122.35573469673 |
| 1516764116164 | 47.667931187124 | -122.35710953607 |
| 1516764392288 | 47.667931187124 | -122.35710953607 |
| 1516764992300 | 47.667931187124 | -122.35710953607 |
| 1516765592335 | 47.667931187124 | -122.35710953607 |
| 1516766192329 | 47.667931187124 | -122.35710953607 |
| 1516766639048 | 47.667006254241 | -122.35740043234 |
| 1516766665655 | 47.666863730677 | -122.35595960103 |
| 1516766680010 | 47.666691932872 | -122.35543051746 |
| 1516766707053 | 47.666018321223 | -122.35447900381 |
| 1516766720051 |  47.66513046813 | -122.35419997025 |
| 1516766730058 | 47.665046632564 | -122.35287153436 |
| 1516766738095 | 47.665052223821 |  -122.3514696487 |
| 1516766746061 | 47.665045275512 | -122.35008038188 |
| 1516766756148 | 47.665098868355 | -122.34872658748 |
| 1516766763069 | 47.665087492715 | -122.34739156062 |
| 1516766775149 | 47.665035192655 | -122.34596375836 |
| 1516766786121 | 47.664963985378 | -122.34457288213 |
| 1516766792304 | 47.664963985378 | -122.34457288213 |
| 1516766815165 | 47.663525904159 | -122.34452815343 |
| 1516766853455 | 47.662366324441 | -122.34460572715 |
| 1516766878088 | 47.660596120936 | -122.34439965415 |
| 1516766890593 | 47.659631938272 | -122.34452989751 |
| 1516766907040 | 47.657864566206 | -122.34467657577 |
| 1516766921995 | 47.656448970253 | -122.34473552374 |
| 1516766947866 | 47.655342435798 | -122.34454750527 |
| 1516766988675 | 47.655559557277 | -122.34173954997 |
| 1516767039034 |  47.65570863536 | -122.33947610421 |
| 1516767058667 | 47.655674759445 | -122.33660167962 |
| 1516767093359 | 47.655668917207 | -122.33479255953 |
| 1516767128000 | 47.655566360675 | -122.32993004893 |
| 1516767163201 | 47.655454919399 | -122.32845570467 |
| 1516767164206 |  47.65513267451 | -122.32481925387 |
| 1516767170652 | 47.655284872062 | -122.32317303731 |
| 1516767182598 | 47.655788177115 | -122.32167081044 |
| 1516767197310 | 47.654560996278 |  -122.3220041113 |
| 1516767236713 | 47.654501071526 | -122.32052551825 |
| 1516767392312 | 47.654501071526 | -122.32052551825 |
| 1516767413487 | 47.653661806958 | -122.31694159932 |
| 1516767492443 | 47.650982816626 | -122.30841242247 |
| 1516767519286 | 47.649976882176 | -122.30635905189 |
| 1516767525345 | 47.649437261815 | -122.30525754814 |
| 1516767579566 | 47.646471049036 | -122.30461533366 |
| 1516767606725 | 47.643708847983 | -122.30508773106 |
| 1516767627695 | 47.644480878624 | -122.30278469116 |
| 1516767685358 | 47.642471648165 | -122.28462323711 |
| 1516767691816 | 47.643788121206 | -122.27994046948 |
| 1516767842335 | 47.636075245075 | -122.22574728949 |
| 1516767856998 | 47.638410731806 | -122.22198544461 |
| 1516767876628 | 47.640519601041 | -122.21726183944 |
| 1516767882570 | 47.641403561021 | -122.21528182996 |
| 1516767902720 | 47.642985077867 | -122.20789629022 |
| 1516767933663 | 47.641740965231 | -122.20037732194 |
| 1516767941991 | 47.638623369902 | -122.19497448776 |
| 1516767946080 | 47.637756522752 |  -122.1939352874 |
| 1516767950122 | 47.636886338886 | -122.19289638544 |
| 1516767954082 | 47.635912320666 | -122.19205267059 |
| 1516767958074 |  47.63488047295 | -122.19137052085 |
| 1516767962079 | 47.633843966804 | -122.19069267635 |
| 1516767966108 | 47.632983946454 |  -122.1897177608 |
| 1516767970078 | 47.632382254814 | -122.18844177814 |
| 1516767974150 | 47.631987737238 | -122.18701227759 |
| 1516767978161 | 47.631911166367 | -122.18547259157 |
| 1516767982155 | 47.631930255248 | -122.18396334364 |
| 1516767986151 | 47.631974281891 | -122.18249476533 |
| 1516767990149 |  47.63192622717 | -122.18102728266 |
| 1516767992333 |  47.63192622717 | -122.18102728266 |
| 1516767994136 | 47.631756537638 | -122.17950786475 |
| 1516767998135 | 47.631443347826 | -122.17803231452 |
| 1516768006624 |  47.63068474368 | -122.17507291597 |
| 1516768010096 | 47.630174215549 | -122.17363888369 |
| 1516768014101 | 47.629815004173 | -122.17217810017 |
| 1516768018057 | 47.629715041302 | -122.17059052561 |
| 1516768022135 | 47.629796639129 | -122.16903585021 |
| 1516768036710 | 47.628099355133 | -122.16429464743 |
| 1516768050480 | 47.628624743173 |  -122.1607568116 |
| 1516768056492 | 47.629110241695 |  -122.1592407113 |
| 1516768085047 | 47.632320410598 | -122.14732736112 |
| 1516768200604 | 47.660042417084 |  -122.1346962766 |
| 1516768218782 | 47.662073922276 | -122.13412191542 |
| 1516768225117 |  47.66521892001 | -122.13212568064 |
| 1516768243144 | 47.666408549401 |  -122.1286108261 |
| 1516768254991 | 47.665878998855 | -122.12736934543 |
| 1516768717001 | 47.681147631796 | -122.11149565303 |
| 1516768722878 | 47.681147631796 | -122.11149565303 |
| 1516768727505 | 47.681133513731 | -122.11146314253 |
| 1516769315717 | 47.681133513731 | -122.11146314253 |
| 1516769915712 | 47.681133513731 | -122.11146314253 |
| 1516770515714 | 47.681133513731 | -122.11146314253 |
| 1516771115716 | 47.681133513731 | -122.11146314253 |
| 1516771715681 | 47.681133513731 | -122.11146314253 |
| 1516772315680 | 47.681133513731 | -122.11146314253 |
| 1516772915681 | 47.681133513731 | -122.11146314253 |
| 1516773515649 | 47.681133513731 | -122.11146314253 |
| 1516773515649 | 47.681133513731 | -122.11146314253 |
| 1516774115645 | 47.681133513731 | -122.11146314253 |
| 1516774115645 | 47.681133513731 | -122.11146314253 |
| 1516774715633 | 47.681133513731 | -122.11146314253 |
| 1516774715633 | 47.681133513731 | -122.11146314253 |
| 1516775315628 | 47.681133513731 | -122.11146314253 |
| 1516775915624 | 47.681133513731 | -122.11146314253 |
| 1516775915624 | 47.681133513731 | -122.11146314253 |
| 1516776515629 | 47.681133513731 | -122.11146314253 |
| 1516776515629 | 47.681133513731 | -122.11146314253 |
| 1516777115637 | 47.681133513731 | -122.11146314253 |
| 1516777715638 | 47.681133513731 | -122.11146314253 |
| 1516777715638 | 47.681133513731 | -122.11146314253 |
| 1516778315602 | 47.681133513731 | -122.11146314253 |
| 1516778315602 | 47.681133513731 | -122.11146314253 |
| 1516778915570 | 47.681133513731 | -122.11146314253 |
| 1516779515565 | 47.681133513731 | -122.11146314253 |
+---------------+-----------------+------------------+